Model 1
	NumNodes 3
	Children
		2 3
		0 0
		0 0
	EndChildren
	ClassProb
		0.500000000000000 0.500000000000000
		0.132653061224490 0.867346938775511
		1.000000000000000 0.000000000000000
	EndClassProb
	CutPoint
		0.033284165264189 NaN NaN 
	CutVar
		17918 0 0 

Model 2
	NumNodes 3
	Children
		2 3
		0 0
		0 0
	EndChildren
	ClassProb
		0.729299363057325 0.270700636942675
		0.911290322580645 0.088709677419355
		0.045454545454545 0.954545454545454
	EndClassProb
	CutPoint
		0.500000000000000 NaN NaN 
	CutVar
		7141 0 0 

Model 3
	NumNodes 3
	Children
		2 3
		0 0
		0 0
	EndChildren
	ClassProb
		0.451003460207612 0.548996539792387
		0.126979827138129 0.873020172861871
		1.000000000000000 0.000000000000000
	EndClassProb
	CutPoint
		0.083853026710830 NaN NaN 
	CutVar
		18043 0 0 

Model 4
	NumNodes 3
	Children
		2 3
		0 0
		0 0
	EndChildren
	ClassProb
		0.701680647960660 0.298319352039340
		0.930849350516230 0.069150649483770
		0.140021478417185 0.859978521582815
	EndClassProb
	CutPoint
		0.500000000000000 NaN NaN 
	CutVar
		7270 0 0 

Model 5
	NumNodes 3
	Children
		2 3
		0 0
		0 0
	EndChildren
	ClassProb
		0.589325996573439 0.410674003426561
		0.882874110239269 0.117125889760731
		0.075646773675793 0.924353226324207
	EndClassProb
	CutPoint
		0.500000000000000 NaN NaN 
	CutVar
		4985 0 0 

Model 6
	NumNodes 3
	Children
		2 3
		0 0
		0 0
	EndChildren
	ClassProb
		0.447622588928061 0.552377411071939
		0.142662996253061 0.857337003746939
		0.955642693722060 0.044357306277940
	EndClassProb
	CutPoint
		0.500000000000000 NaN NaN 
	CutVar
		5233 0 0 

Model 7
	NumNodes 3
	Children
		2 3
		0 0
		0 0
	EndChildren
	ClassProb
		0.621797509284562 0.378202490715438
		0.916609081370739 0.083390918629261
		0.193003597068576 0.806996402931424
	EndClassProb
	CutPoint
		0.500000000000000 NaN NaN 
	CutVar
		8162 0 0 

Model 8
	NumNodes 3
	Children
		2 3
		0 0
		0 0
	EndChildren
	ClassProb
		0.618508894697811 0.381491105302189
		0.239982280900611 0.760017719099389
		0.978640626716048 0.021359373283952
	EndClassProb
	CutPoint
		0.001258396655727 NaN NaN 
	CutVar
		20718 0 0 

Model 9
	NumNodes 3
	Children
		2 3
		0 0
		0 0
	EndChildren
	ClassProb
		0.744770200489597 0.255229799510403
		0.865113686775953 0.134886313224047
		0.000000000000000 1.000000000000000
	EndClassProb
	CutPoint
		0.000428602397294 NaN NaN 
	CutVar
		19955 0 0 

Model 10
	NumNodes 3
	Children
		2 3
		0 0
		0 0
	EndChildren
	ClassProb
		0.421308574568212 0.578691425431789
		0.197034773161387 0.802965226838613
		0.985820861321291 0.014179138678709
	EndClassProb
	CutPoint
		0.500000000000000 NaN NaN 
	CutVar
		3411 0 0 

Model 11
	NumNodes 3
	Children
		2 3
		0 0
		0 0
	EndChildren
	ClassProb
		0.650026744746582 0.349973255253418
		0.839569744818166 0.160430255181834
		0.000000000000000 1.000000000000000
	EndClassProb
	CutPoint
		0.083853026710830 NaN NaN 
	CutVar
		19826 0 0 

Model 12
	NumNodes 3
	Children
		2 3
		0 0
		0 0
	EndChildren
	ClassProb
		0.371109299885914 0.628890700114086
		0.189792725047924 0.810207274952076
		0.999660578597671 0.000339421402329
	EndClassProb
	CutPoint
		0.500000000000000 NaN NaN 
	CutVar
		11680 0 0 

Model 13
	NumNodes 3
	Children
		2 3
		0 0
		0 0
	EndChildren
	ClassProb
		0.630989053959942 0.369010946040058
		0.311515748332548 0.688484251667452
		0.916848832362384 0.083151167637616
	EndClassProb
	CutPoint
		0.500000000000000 NaN NaN 
	CutVar
		5233 0 0 

Model 14
	NumNodes 3
	Children
		2 3
		0 0
		0 0
	EndChildren
	ClassProb
		0.684173767183031 0.315826232816969
		0.842092943589015 0.157907056410985
		0.021191770326040 0.978808229673960
	EndClassProb
	CutPoint
		0.026755426487549 NaN NaN 
	CutVar
		20847 0 0 

Model 15
	NumNodes 3
	Children
		2 3
		0 0
		0 0
	EndChildren
	ClassProb
		0.407071832374289 0.592928167625711
		0.235679006074795 0.764320993925205
		1.000000000000000 0.000000000000000
	EndClassProb
	CutPoint
		0.083853026710830 NaN NaN 
	CutVar
		18043 0 0 

Model 16
	NumNodes 3
	Children
		2 3
		0 0
		0 0
	EndChildren
	ClassProb
		0.637206403875909 0.362793596124091
		0.382138389817214 0.617861610182787
		0.998090183431026 0.001909816568974
	EndClassProb
	CutPoint
		0.500000000000000 NaN NaN 
	CutVar
		7454 0 0 

Model 17
	NumNodes 3
	Children
		2 3
		0 0
		0 0
	EndChildren
	ClassProb
		0.764785015433016 0.235214984566984
		0.001353798369527 0.998646201630473
		0.844688142680352 0.155311857319648
	EndClassProb
	CutPoint
		-0.086134262244673 NaN NaN 
	CutVar
		15377 0 0 

Model 18
	NumNodes 3
	Children
		2 3
		0 0
		0 0
	EndChildren
	ClassProb
		0.445398632381901 0.554601367618100
		0.274509829635744 0.725490170364256
		1.000000000000000 0.000000000000000
	EndClassProb
	CutPoint
		0.002975696656792 NaN NaN 
	CutVar
		18900 0 0 

Model 19
	NumNodes 3
	Children
		2 3
		0 0
		0 0
	EndChildren
	ClassProb
		0.649053470008598 0.350946529991402
		0.779989683957894 0.220010316042106
		0.000000000000000 1.000000000000000
	EndClassProb
	CutPoint
		0.083853026710830 NaN NaN 
	CutVar
		19826 0 0 

Model 20
	NumNodes 3
	Children
		2 3
		0 0
		0 0
	EndChildren
	ClassProb
		0.397255165455811 0.602744834544189
		0.690681292175996 0.309318707824004
		0.045678606039969 0.954321393960031
	EndClassProb
	CutPoint
		0.500000000000000 NaN NaN 
	CutVar
		9166 0 0 

Model 21
	NumNodes 3
	Children
		2 3
		0 0
		0 0
	EndChildren
	ClassProb
		0.287078002724768 0.712921997275232
		0.121332909382045 0.878667090617955
		0.892218408424223 0.107781591575777
	EndClassProb
	CutPoint
		0.500000000000000 NaN NaN 
	CutVar
		11393 0 0 

Model 22
	NumNodes 3
	Children
		2 3
		0 0
		0 0
	EndChildren
	ClassProb
		0.510954285934481 0.489045714065519
		0.261035552541029 0.738964447458972
		1.000000000000000 0.000000000000000
	EndClassProb
	CutPoint
		0.083853026710830 NaN NaN 
	CutVar
		18043 0 0 

Model 23
	NumNodes 3
	Children
		2 3
		0 0
		0 0
	EndChildren
	ClassProb
		0.704413731048201 0.295586268951799
		0.386967242347465 0.613032757652535
		0.946222572035991 0.053777427964009
	EndClassProb
	CutPoint
		0.500000000000000 NaN NaN 
	CutVar
		4362 0 0 

Model 24
	NumNodes 3
	Children
		2 3
		0 0
		0 0
	EndChildren
	ClassProb
		0.757636642777580 0.242363357222420
		0.873571434856331 0.126428565143669
		0.000000000000000 1.000000000000000
	EndClassProb
	CutPoint
		0.387104901883022 NaN NaN 
	CutVar
		17170 0 0 

Model 25
	NumNodes 3
	Children
		2 3
		0 0
		0 0
	EndChildren
	ClassProb
		0.425471136981206 0.574528863018794
		0.241632599946168 0.758367400053832
		1.000000000000000 0.000000000000000
	EndClassProb
	CutPoint
		0.033284165264189 NaN NaN 
	CutVar
		17918 0 0 

Model 26
	NumNodes 3
	Children
		2 3
		0 0
		0 0
	EndChildren
	ClassProb
		0.648366365410075 0.351633634589925
		0.814837875390631 0.185162124609369
		0.077705204155314 0.922294795844686
	EndClassProb
	CutPoint
		0.500000000000000 NaN NaN 
	CutVar
		6772 0 0 

Model 27
	NumNodes 3
	Children
		2 3
		0 0
		0 0
	EndChildren
	ClassProb
		0.430421716519694 0.569578283480306
		0.261135859536015 0.738864140463985
		1.000000000000000 0.000000000000000
	EndClassProb
	CutPoint
		0.083853026710830 NaN NaN 
	CutVar
		18043 0 0 

Model 28
	NumNodes 3
	Children
		2 3
		0 0
		0 0
	EndChildren
	ClassProb
		0.643431758710805 0.356568241289195
		0.897120117568595 0.102879882431405
		0.342970204956491 0.657029795043509
	EndClassProb
	CutPoint
		0.500000000000000 NaN NaN 
	CutVar
		8162 0 0 

Model 29
	NumNodes 3
	Children
		2 3
		0 0
		0 0
	EndChildren
	ClassProb
		0.677882771697148 0.322117228302852
		0.353763442487218 0.646236557512782
		0.926523502893978 0.073476497106022
	EndClassProb
	CutPoint
		0.500000000000000 NaN NaN 
	CutVar
		5233 0 0 

Model 30
	NumNodes 3
	Children
		2 3
		0 0
		0 0
	EndChildren
	ClassProb
		0.719188668214373 0.280811331785627
		0.859106365841440 0.140893634158560
		0.002336264815796 0.997663735184204
	EndClassProb
	CutPoint
		0.500000000000000 NaN NaN 
	CutVar
		7141 0 0 

Model 31
	NumNodes 3
	Children
		2 3
		0 0
		0 0
	EndChildren
	ClassProb
		0.409223019143743 0.590776980856257
		0.161531940483790 0.838468059516210
		0.912545394733990 0.087454605266010
	EndClassProb
	CutPoint
		0.500000000000000 NaN NaN 
	CutVar
		2566 0 0 

Model 32
	NumNodes 3
	Children
		2 3
		0 0
		0 0
	EndChildren
	ClassProb
		0.569201754532038 0.430798245467962
		0.384428805813069 0.615571194186932
		1.000000000000000 0.000000000000000
	EndClassProb
	CutPoint
		0.083853026710830 NaN NaN 
	CutVar
		18043 0 0 

Model 33
	NumNodes 3
	Children
		2 3
		0 0
		0 0
	EndChildren
	ClassProb
		0.705321554930029 0.294678445069971
		0.822017742484155 0.177982257515845
		0.095729044614380 0.904270955385620
	EndClassProb
	CutPoint
		0.500000000000000 NaN NaN 
	CutVar
		9166 0 0 

Model 34
	NumNodes 3
	Children
		2 3
		0 0
		0 0
	EndChildren
	ClassProb
		0.459698213325991 0.540301786674009
		0.234622646585827 0.765377353414173
		0.989730904281625 0.010269095718375
	EndClassProb
	CutPoint
		0.500000000000000 NaN NaN 
	CutVar
		7454 0 0 

Model 35
	NumNodes 3
	Children
		2 3
		0 0
		0 0
	EndChildren
	ClassProb
		0.668112623164951 0.331887376835049
		0.000078590124175 0.999921409875825
		0.798974800367761 0.201025199632239
	EndClassProb
	CutPoint
		-0.086134262244673 NaN NaN 
	CutVar
		15377 0 0 

Model 36
	NumNodes 3
	Children
		2 3
		0 0
		0 0
	EndChildren
	ClassProb
		0.401593340788360 0.598406659211640
		0.167349754456891 0.832650245543109
		0.906488023664884 0.093511976335116
	EndClassProb
	CutPoint
		0.500000000000000 NaN NaN 
	CutVar
		5233 0 0 

Model 37
	NumNodes 3
	Children
		2 3
		0 0
		0 0
	EndChildren
	ClassProb
		0.564856904165279 0.435143095834721
		0.280333920627628 0.719666079372372
		0.977154903806497 0.022845096193503
	EndClassProb
	CutPoint
		0.001258396655727 NaN NaN 
	CutVar
		20718 0 0 

Model 38
	NumNodes 3
	Children
		2 3
		0 0
		0 0
	EndChildren
	ClassProb
		0.715247088895019 0.284752911104981
		0.861255663094752 0.138744336905248
		0.001428695152803 0.998571304847197
	EndClassProb
	CutPoint
		0.500000000000000 NaN NaN 
	CutVar
		7141 0 0 

Model 39
	NumNodes 3
	Children
		2 3
		0 0
		0 0
	EndChildren
	ClassProb
		0.405203049602219 0.594796950397781
		0.836819038065478 0.163180961934522
		0.117343159703484 0.882656840296516
	EndClassProb
	CutPoint
		0.500000000000000 NaN NaN 
	CutVar
		8162 0 0 

Model 40
	NumNodes 3
	Children
		2 3
		0 0
		0 0
	EndChildren
	ClassProb
		0.453092500650625 0.546907499349375
		0.152945132940323 0.847054867059677
		0.764456438248038 0.235543561751962
	EndClassProb
	CutPoint
		0.500000000000000 NaN NaN 
	CutVar
		7021 0 0 

Model 41
	NumNodes 3
	Children
		2 3
		0 0
		0 0
	EndChildren
	ClassProb
		0.433858688729843 0.566141311270157
		0.692157650813864 0.307842349186136
		0.068231550703156 0.931768449296845
	EndClassProb
	CutPoint
		0.500000000000000 NaN NaN 
	CutVar
		4615 0 0 

Model 42
	NumNodes 3
	Children
		2 3
		0 0
		0 0
	EndChildren
	ClassProb
		0.323968506069211 0.676031493930790
		0.180529732990645 0.819470267009355
		1.000000000000000 0.000000000000000
	EndClassProb
	CutPoint
		0.033284165264189 NaN NaN 
	CutVar
		17918 0 0 

Model 43
	NumNodes 3
	Children
		2 3
		0 0
		0 0
	EndChildren
	ClassProb
		0.602834332218320 0.397165667781680
		0.787780029600759 0.212219970399241
		0.172162210853198 0.827837789146802
	EndClassProb
	CutPoint
		0.500000000000000 NaN NaN 
	CutVar
		7270 0 0 

Model 44
	NumNodes 3
	Children
		2 3
		0 0
		0 0
	EndChildren
	ClassProb
		0.473709244307483 0.526290755692517
		0.287587573579116 0.712412426420884
		1.000000000000000 0.000000000000000
	EndClassProb
	CutPoint
		0.384008259367308 NaN NaN 
	CutVar
		18411 0 0 

Model 45
	NumNodes 3
	Children
		2 3
		0 0
		0 0
	EndChildren
	ClassProb
		0.665866768963600 0.334133231036400
		0.835475971684566 0.164524028315434
		0.172770806177683 0.827229193822317
	EndClassProb
	CutPoint
		0.500000000000000 NaN NaN 
	CutVar
		4985 0 0 

Model 46
	NumNodes 3
	Children
		2 3
		0 0
		0 0
	EndChildren
	ClassProb
		0.505654492936457 0.494345507063543
		0.246434328859929 0.753565671140071
		1.000000000000000 0.000000000000000
	EndClassProb
	CutPoint
		0.083853026710830 NaN NaN 
	CutVar
		18043 0 0 

Model 47
	NumNodes 3
	Children
		2 3
		0 0
		0 0
	EndChildren
	ClassProb
		0.705163007410779 0.294836992589221
		0.846518342631226 0.153481657368775
		0.000000000000000 1.000000000000000
	EndClassProb
	CutPoint
		0.083853026710830 NaN NaN 
	CutVar
		19826 0 0 

Model 48
	NumNodes 3
	Children
		2 3
		0 0
		0 0
	EndChildren
	ClassProb
		0.404268259431020 0.595731740568980
		0.160110514518576 0.839889485481424
		0.858719761906838 0.141280238093163
	EndClassProb
	CutPoint
		0.500000000000000 NaN NaN 
	CutVar
		5233 0 0 

Model 49
	NumNodes 3
	Children
		2 3
		0 0
		0 0
	EndChildren
	ClassProb
		0.516470714006994 0.483529285993006
		0.853869693439964 0.146130306560037
		0.185023147513201 0.814976852486800
	EndClassProb
	CutPoint
		0.500000000000000 NaN NaN 
	CutVar
		8162 0 0 

Model 50
	NumNodes 3
	Children
		2 3
		0 0
		0 0
	EndChildren
	ClassProb
		0.535155723645633 0.464844276354367
		0.709427921017251 0.290572078982749
		0.007688207769056 0.992311792230944
	EndClassProb
	CutPoint
		0.500000000000000 NaN NaN 
	CutVar
		7141 0 0 

Model 51
	NumNodes 3
	Children
		2 3
		0 0
		0 0
	EndChildren
	ClassProb
		0.346297889182033 0.653702110817967
		0.197041790423000 0.802958209577000
		0.968572394743565 0.031427605256435
	EndClassProb
	CutPoint
		0.500000000000000 NaN NaN 
	CutVar
		3411 0 0 

Model 52
	NumNodes 3
	Children
		2 3
		0 0
		0 0
	EndChildren
	ClassProb
		0.593777492008223 0.406222507991777
		0.761322784480725 0.238677215519275
		0.000000000000000 1.000000000000000
	EndClassProb
	CutPoint
		0.000428602397294 NaN NaN 
	CutVar
		19955 0 0 

Model 53
	NumNodes 3
	Children
		2 3
		0 0
		0 0
	EndChildren
	ClassProb
		0.364795954829424 0.635204045170576
		0.201226371610494 0.798773628389507
		0.999999989544304 0.000000010455696
	EndClassProb
	CutPoint
		0.500000000000000 NaN NaN 
	CutVar
		11680 0 0 

Model 54
	NumNodes 3
	Children
		2 3
		0 0
		0 0
	EndChildren
	ClassProb
		0.621893317648120 0.378106682351880
		0.360776848969078 0.639223151030922
		0.958153396117239 0.041846603882761
	EndClassProb
	CutPoint
		0.001258396655727 NaN NaN 
	CutVar
		20718 0 0 

Model 55
	NumNodes 3
	Children
		2 3
		0 0
		0 0
	EndChildren
	ClassProb
		0.727629219699582 0.272370780300418
		0.844157343455258 0.155842656544742
		0.000000000000000 1.000000000000000
	EndClassProb
	CutPoint
		0.500000000000000 NaN NaN 
	CutVar
		1320 0 0 

Model 56
	NumNodes 3
	Children
		2 3
		0 0
		0 0
	EndChildren
	ClassProb
		0.420269406510610 0.579730593489390
		0.192074360563676 0.807925639436324
		0.817078446110621 0.182921553889379
	EndClassProb
	CutPoint
		0.500000000000000 NaN NaN 
	CutVar
		5233 0 0 

Model 57
	NumNodes 3
	Children
		2 3
		0 0
		0 0
	EndChildren
	ClassProb
		0.506928439579773 0.493071560420227
		0.295463201094110 0.704536798905890
		1.000000000000000 0.000000000000000
	EndClassProb
	CutPoint
		0.083853026710830 NaN NaN 
	CutVar
		18043 0 0 

Model 58
	NumNodes 3
	Children
		2 3
		0 0
		0 0
	EndChildren
	ClassProb
		0.689196000006588 0.310803999993412
		0.816639019399324 0.183360980600676
		0.004573148042822 0.995426851957178
	EndClassProb
	CutPoint
		0.500000000000000 NaN NaN 
	CutVar
		7141 0 0 

Model 59
	NumNodes 3
	Children
		2 3
		0 0
		0 0
	EndChildren
	ClassProb
		0.409840181641060 0.590159818358940
		0.227567346515206 0.772432653484794
		0.940013148513317 0.059986851486684
	EndClassProb
	CutPoint
		0.062200451008240 NaN NaN 
	CutVar
		18411 0 0 

Model 60
	NumNodes 3
	Children
		2 3
		0 0
		0 0
	EndChildren
	ClassProb
		0.605939282238201 0.394060717761799
		0.831589130666754 0.168410869333246
		0.132108286696166 0.867891713303834
	EndClassProb
	CutPoint
		0.500000000000000 NaN NaN 
	CutVar
		7270 0 0 

Model 61
	NumNodes 3
	Children
		2 3
		0 0
		0 0
	EndChildren
	ClassProb
		0.469983243985468 0.530016756014532
		0.714678649990966 0.285321350009034
		0.057397747704910 0.942602252295090
	EndClassProb
	CutPoint
		0.500000000000000 NaN NaN 
	CutVar
		4985 0 0 

Model 62
	NumNodes 3
	Children
		2 3
		0 0
		0 0
	EndChildren
	ClassProb
		0.333844550007735 0.666155449992265
		0.201792854348509 0.798207145651491
		1.000000000000000 0.000000000000000
	EndClassProb
	CutPoint
		0.083853026710830 NaN NaN 
	CutVar
		18043 0 0 

Model 63
	NumNodes 3
	Children
		2 3
		0 0
		0 0
	EndChildren
	ClassProb
		0.599469214431379 0.400530785568621
		0.343448356486497 0.656551643513503
		1.000000000000000 0.000000000000000
	EndClassProb
	CutPoint
		0.033284165264189 NaN NaN 
	CutVar
		17918 0 0 

Model 64
	NumNodes 3
	Children
		2 3
		0 0
		0 0
	EndChildren
	ClassProb
		0.746652976188724 0.253347023811276
		0.838422945127926 0.161577054872074
		0.000000000000000 1.000000000000000
	EndClassProb
	CutPoint
		0.387104901883022 NaN NaN 
	CutVar
		17170 0 0 

Model 65
	NumNodes 3
	Children
		2 3
		0 0
		0 0
	EndChildren
	ClassProb
		0.436073834124837 0.563926165875163
		0.819670324135802 0.180329675864198
		0.180413310625543 0.819586689374457
	EndClassProb
	CutPoint
		0.500000000000000 NaN NaN 
	CutVar
		8162 0 0 

Model 66
	NumNodes 3
	Children
		2 3
		0 0
		0 0
	EndChildren
	ClassProb
		0.500067880252716 0.499932119747284
		0.285806737164531 0.714193262835469
		1.000000000000000 0.000000000000000
	EndClassProb
	CutPoint
		0.033284165264189 NaN NaN 
	CutVar
		17918 0 0 

Model 67
	NumNodes 3
	Children
		2 3
		0 0
		0 0
	EndChildren
	ClassProb
		0.687517641499827 0.312482358500173
		0.790405374207569 0.209594625792431
		0.000000000000000 1.000000000000000
	EndClassProb
	CutPoint
		0.083853026710830 NaN NaN 
	CutVar
		19826 0 0 

Model 68
	NumNodes 3
	Children
		2 3
		0 0
		0 0
	EndChildren
	ClassProb
		0.420403158275626 0.579596841724374
		0.252125830894735 0.747874169105265
		0.974340014026540 0.025659985973460
	EndClassProb
	CutPoint
		0.001258396655727 NaN NaN 
	CutVar
		20718 0 0 

Model 69
	NumNodes 3
	Children
		2 3
		0 0
		0 0
	EndChildren
	ClassProb
		0.626780699024849 0.373219300975151
		0.344776897926277 0.655223102073723
		0.990690780902317 0.009309219097683
	EndClassProb
	CutPoint
		0.500000000000000 NaN NaN 
	CutVar
		4362 0 0 

Model 70
	NumNodes 3
	Children
		2 3
		0 0
		0 0
	EndChildren
	ClassProb
		0.759516345975963 0.240483654024037
		0.874278842853883 0.125721157146117
		0.147654480147966 0.852345519852034
	EndClassProb
	CutPoint
		0.500000000000000 NaN NaN 
	CutVar
		6772 0 0 

Model 71
	NumNodes 3
	Children
		2 3
		0 0
		0 0
	EndChildren
	ClassProb
		0.512964897403696 0.487035102596304
		0.310517598942052 0.689482401057948
		0.955482137150961 0.044517862849039
	EndClassProb
	CutPoint
		0.500000000000000 NaN NaN 
	CutVar
		7454 0 0 

Model 72
	NumNodes 3
	Children
		2 3
		0 0
		0 0
	EndChildren
	ClassProb
		0.663224377192493 0.336775622807507
		0.376492101580648 0.623507898419352
		0.932237362465006 0.067762637534994
	EndClassProb
	CutPoint
		0.500000000000000 NaN NaN 
	CutVar
		5233 0 0 

Model 73
	NumNodes 3
	Children
		2 3
		0 0
		0 0
	EndChildren
	ClassProb
		0.726739717644680 0.273260282355320
		0.839294455470525 0.160705544529475
		0.000000020916586 0.999999979083414
	EndClassProb
	CutPoint
		0.013958714754303 NaN NaN 
	CutVar
		21851 0 0 

Model 74
	NumNodes 3
	Children
		2 3
		0 0
		0 0
	EndChildren
	ClassProb
		0.422107818962370 0.577892181037630
		0.252215464036195 0.747784535963805
		1.000000000000000 0.000000000000000
	EndClassProb
	CutPoint
		0.083853026710830 NaN NaN 
	CutVar
		18043 0 0 

Model 75
	NumNodes 3
	Children
		2 3
		0 0
		0 0
	EndChildren
	ClassProb
		0.641099296319051 0.358900703680949
		0.311439854498472 0.688560145501528
		0.886168356660943 0.113831643339057
	EndClassProb
	CutPoint
		0.500000000000000 NaN NaN 
	CutVar
		2566 0 0 

Model 76
	NumNodes 3
	Children
		2 3
		0 0
		0 0
	EndChildren
	ClassProb
		0.652128175876832 0.347871824123168
		0.808758971916589 0.191241028083411
		0.007169771336064 0.992830228663936
	EndClassProb
	CutPoint
		0.500000000000000 NaN NaN 
	CutVar
		7141 0 0 

Model 77
	NumNodes 3
	Children
		2 3
		0 0
		0 0
	EndChildren
	ClassProb
		0.389681640129482 0.610318359870518
		0.229199534785071 0.770800465214929
		0.937190586934998 0.062809413065002
	EndClassProb
	CutPoint
		0.500000000000000 NaN NaN 
	CutVar
		7454 0 0 

Model 78
	NumNodes 3
	Children
		2 3
		0 0
		0 0
	EndChildren
	ClassProb
		0.594197558945295 0.405802441054705
		0.296048767758462 0.703951232241537
		0.942868613377244 0.057131386622756
	EndClassProb
	CutPoint
		0.500000000000000 NaN NaN 
	CutVar
		5233 0 0 

Model 79
	NumNodes 3
	Children
		2 3
		0 0
		0 0
	EndChildren
	ClassProb
		0.696112516595751 0.303887483404249
		0.000000187754305 0.999999812245695
		0.807408448469471 0.192591551530530
	EndClassProb
	CutPoint
		-0.086134262244673 NaN NaN 
	CutVar
		15377 0 0 

Model 80
	NumNodes 3
	Children
		2 3
		0 0
		0 0
	EndChildren
	ClassProb
		0.417355772015171 0.582644227984829
		0.232991020131913 0.767008979868087
		1.000000000000000 0.000000000000000
	EndClassProb
	CutPoint
		0.083853026710830 NaN NaN 
	CutVar
		18043 0 0 

Model 81
	NumNodes 3
	Children
		2 3
		0 0
		0 0
	EndChildren
	ClassProb
		0.646029611257743 0.353970388742257
		0.837887872269934 0.162112127730065
		0.033934857122646 0.966065142877354
	EndClassProb
	CutPoint
		0.500000000000000 NaN NaN 
	CutVar
		9166 0 0 

Model 82
	NumNodes 3
	Children
		2 3
		0 0
		0 0
	EndChildren
	ClassProb
		0.398056957869464 0.601943042130536
		0.231129014864527 0.768870985135473
		1.000000000000000 0.000000000000000
	EndClassProb
	CutPoint
		0.002975696656792 NaN NaN 
	CutVar
		18900 0 0 

Model 83
	NumNodes 3
	Children
		2 3
		0 0
		0 0
	EndChildren
	ClassProb
		0.632536248878166 0.367463751121834
		0.000000157103200 0.999999842896800
		0.767713238622284 0.232286761377716
	EndClassProb
	CutPoint
		-1.056306306630674 NaN NaN 
	CutVar
		18040 0 0 

Model 84
	NumNodes 3
	Children
		2 3
		0 0
		0 0
	EndChildren
	ClassProb
		0.391123940700138 0.608876059299862
		0.233812474417505 0.766187525582495
		0.945077606036128 0.054922393963872
	EndClassProb
	CutPoint
		0.001258396655727 NaN NaN 
	CutVar
		20718 0 0 

Model 85
	NumNodes 3
	Children
		2 3
		0 0
		0 0
	EndChildren
	ClassProb
		0.598439772140138 0.401560227859862
		0.724534570425017 0.275465429574983
		0.000000000000000 1.000000000000000
	EndClassProb
	CutPoint
		0.500000000000000 NaN NaN 
	CutVar
		1320 0 0 

Model 86
	NumNodes 3
	Children
		2 3
		0 0
		0 0
	EndChildren
	ClassProb
		0.387352014603434 0.612647985396566
		0.247611736340899 0.752388263659101
		1.000000000000000 0.000000000000000
	EndClassProb
	CutPoint
		0.083853026710830 NaN NaN 
	CutVar
		18043 0 0 

Model 87
	NumNodes 3
	Children
		2 3
		0 0
		0 0
	EndChildren
	ClassProb
		0.616316577889447 0.383683422110553
		0.284929335233533 0.715070664766467
		0.889092543907576 0.110907456092424
	EndClassProb
	CutPoint
		0.500000000000000 NaN NaN 
	CutVar
		5233 0 0 

Model 88
	NumNodes 3
	Children
		2 3
		0 0
		0 0
	EndChildren
	ClassProb
		0.640308794397335 0.359691205602665
		0.812359562255950 0.187640437744050
		0.000000000000000 1.000000000000000
	EndClassProb
	CutPoint
		0.000428602397294 NaN NaN 
	CutVar
		19955 0 0 

Model 89
	NumNodes 3
	Children
		2 3
		0 0
		0 0
	EndChildren
	ClassProb
		0.375723887670314 0.624276112329686
		0.242180075430100 0.757819924569900
		0.999999999979564 0.000000000020436
	EndClassProb
	CutPoint
		0.500000000000000 NaN NaN 
	CutVar
		11680 0 0 

Model 90
	NumNodes 3
	Children
		2 3
		0 0
		0 0
	EndChildren
	ClassProb
		0.610069746273868 0.389930253726132
		0.739448561233866 0.260551438766134
		0.000746213190068 0.999253786809932
	EndClassProb
	CutPoint
		0.500000000000000 NaN NaN 
	CutVar
		7141 0 0 

Model 91
	NumNodes 3
	Children
		2 3
		0 0
		0 0
	EndChildren
	ClassProb
		0.388823977325557 0.611176022674443
		0.159550253917077 0.840449746082923
		0.869257797331202 0.130742202668798
	EndClassProb
	CutPoint
		0.500000000000000 NaN NaN 
	CutVar
		4362 0 0 

Model 92
	NumNodes 3
	Children
		2 3
		0 0
		0 0
	EndChildren
	ClassProb
		0.524673015254400 0.475326984745600
		0.305401579083937 0.694598420916063
		0.999999862975337 0.000000137024663
	EndClassProb
	CutPoint
		0.500000000000000 NaN NaN 
	CutVar
		175 0 0 

Model 93
	NumNodes 3
	Children
		2 3
		0 0
		0 0
	EndChildren
	ClassProb
		0.699543364276711 0.300456635723289
		0.809328938506887 0.190671061493113
		0.000000000000000 1.000000000000000
	EndClassProb
	CutPoint
		0.500000000000000 NaN NaN 
	CutVar
		12633 0 0 

Model 94
	NumNodes 3
	Children
		2 3
		0 0
		0 0
	EndChildren
	ClassProb
		0.418791196658938 0.581208803341062
		0.229761088916860 0.770238911083140
		0.856636814332180 0.143363185667819
	EndClassProb
	CutPoint
		0.500000000000000 NaN NaN 
	CutVar
		5233 0 0 

Model 95
	NumNodes 3
	Children
		2 3
		0 0
		0 0
	EndChildren
	ClassProb
		0.556089456967947 0.443910543032053
		0.321929755815523 0.678070244184477
		1.000000000000000 0.000000000000000
	EndClassProb
	CutPoint
		0.083853026710830 NaN NaN 
	CutVar
		18043 0 0 

Model 96
	NumNodes 3
	Children
		2 3
		0 0
		0 0
	EndChildren
	ClassProb
		0.718774501810999 0.281225498189002
		0.133818569016012 0.866181430983988
		0.850976204695373 0.149023795304627
	EndClassProb
	CutPoint
		-0.477054447806428 NaN NaN 
	CutVar
		20847 0 0 

Model 97
	NumNodes 3
	Children
		2 3
		0 0
		0 0
	EndChildren
	ClassProb
		0.490843299698482 0.509156700301518
		0.716027187167453 0.283972812832547
		0.001105930031673 0.998894069968327
	EndClassProb
	CutPoint
		0.500000000000000 NaN NaN 
	CutVar
		7141 0 0 

Model 98
	NumNodes 3
	Children
		2 3
		0 0
		0 0
	EndChildren
	ClassProb
		0.305502160349481 0.694497839650519
		0.169017705314528 0.830982294685472
		0.917969080951597 0.082030919048403
	EndClassProb
	CutPoint
		0.062200451008240 NaN NaN 
	CutVar
		18411 0 0 

Model 99
	NumNodes 3
	Children
		2 3
		0 0
		0 0
	EndChildren
	ClassProb
		0.549971432228848 0.450028567771153
		0.277414483301516 0.722585516698484
		0.922036728845742 0.077963271154258
	EndClassProb
	CutPoint
		0.500000000000000 NaN NaN 
	CutVar
		5358 0 0 

Model 100
	NumNodes 3
	Children
		2 3
		0 0
		0 0
	EndChildren
	ClassProb
		0.656206558873745 0.343793441126255
		0.843054120750356 0.156945879249644
		0.100324203500284 0.899675796499716
	EndClassProb
	CutPoint
		0.500000000000000 NaN NaN 
	CutVar
		9166 0 0 

TrainedWeights
1.245648223943384 1.223775431622115 1.222186982632712 1.158726240726619 1.087369321422182 1.067257056198431 0.959158544707642 0.959609724598635 1.014835602855130 0.887007093325497 0.976570860718524 0.877661244257584 0.721785291725805 0.943413247078111 0.748645573099684 0.619287081743907 0.904641339801279 0.662917338339767 0.747817773801094 0.727012336263182 1.003742447494120 0.783120279000854 0.699922019729529 1.047161722955060 0.747883925006876 0.825794072042966 0.689077855925928 0.654086897654285 0.708438000987419 1.004476756552310 0.919791742519002 0.499757674864298 0.811591908839349 0.800831018423683 0.799543006414878 0.891433426093862 0.774616142474322 1.018235571851808 0.925810391115034 0.713755416297818 0.666553325223812 0.871508615661362 0.692567064815188 0.655098933179104 0.804834173322008 0.822953043868962 0.960040119267688 0.853591311563499 0.808027105735393 0.631901770119442 0.810732331561491 0.737607639425332 0.829039402097100 0.628848077815185 0.931602082729638 0.729133317036259 0.672220937981188 0.846801529629248 0.742433583626681 0.841495584873697 0.691682980938598 0.798471957045667 0.663906257063443 0.891668528604499 0.756888006594742 0.692948923685173 0.750382290422948 0.695153210753856 0.698436298613677 0.954090748213443 0.612598416805916 0.641012767787533 0.911167577994822 0.709196742177506 0.699126613527358 0.846912629956075 0.720199821834248 0.738368304501964 0.806963570027691 0.768446716435494 0.943777757562946 0.754965273145431 0.720513636202178 0.711322983315099 0.611170779504973 0.688090433057680 0.726705182793345 0.875584526277365 0.694702219997896 0.647379833769623 0.866345467100718 0.665505551508767 0.811445660560680 0.681637978387014 0.660184390854638 0.882277219652234 0.709315792888561 0.854992160195638 0.715049653798124 0.896514989650995 