Model 1
	NumNodes 3
	Children
		2 3
		0 0
		0 0
	EndChildren
	ClassProb
		0.500000000000002 0.499999999999998
		0.882972541043151 0.117027458956849
		0.183629380700912 0.816370619299087
	EndClassProb
	CutPoint
		0.500000000000000 NaN NaN 
	CutVar
		7270 0 0 

Model 2
	NumNodes 3
	Children
		2 3
		0 0
		0 0
	EndChildren
	ClassProb
		0.563489940586827 0.436510059413173
		0.743123416891060 0.256876583108940
		0.106866085793342 0.893133914206658
	EndClassProb
	CutPoint
		0.735810139785576 NaN NaN 
	CutVar
		19826 0 0 

Model 3
	NumNodes 3
	Children
		2 3
		0 0
		0 0
	EndChildren
	ClassProb
		0.409809129469197 0.590190870530803
		0.794694221926602 0.205305778073398
		0.213513600660847 0.786486399339153
	EndClassProb
	CutPoint
		0.500000000000000 NaN NaN 
	CutVar
		8162 0 0 

Model 4
	NumNodes 3
	Children
		2 3
		0 0
		0 0
	EndChildren
	ClassProb
		0.505518843184710 0.494481156815289
		0.393025181360342 0.606974818639658
		0.898781507497690 0.101218492502310
	EndClassProb
	CutPoint
		0.500000000000000 NaN NaN 
	CutVar
		6215 0 0 

Model 5
	NumNodes 3
	Children
		2 3
		0 0
		0 0
	EndChildren
	ClassProb
		0.614464078896010 0.385535921103990
		0.703490493910859 0.296509506089141
		0.311164044345964 0.688835955654036
	EndClassProb
	CutPoint
		0.536653427389192 NaN NaN 
	CutVar
		21851 0 0 

Model 6
	NumNodes 3
	Children
		2 3
		0 0
		0 0
	EndChildren
	ClassProb
		0.506122878879925 0.493877121120075
		0.426508652895316 0.573491347104684
		0.945199514427141 0.054800485572859
	EndClassProb
	CutPoint
		0.500000000000000 NaN NaN 
	CutVar
		9537 0 0 

Model 7
	NumNodes 3
	Children
		2 3
		0 0
		0 0
	EndChildren
	ClassProb
		0.603659314347553 0.396340685652447
		0.953584236987119 0.046415763012881
		0.527294741499470 0.472705258500531
	EndClassProb
	CutPoint
		-0.002991931588815 NaN NaN 
	CutVar
		16805 0 0 

Model 8
	NumNodes 3
	Children
		2 3
		0 0
		0 0
	EndChildren
	ClassProb
		0.499999999999999 0.500000000000001
		0.930980728431930 0.069019271568070
		0.422761284417936 0.577238715582064
	EndClassProb
	CutPoint
		-0.002991931588815 NaN NaN 
	CutVar
		16805 0 0 

Model 9
	NumNodes 3
	Children
		2 3
		0 0
		0 0
	EndChildren
	ClassProb
		0.597901942526057 0.402098057473943
		0.508733859527789 0.491266140472211
		0.923445615707347 0.076554384292654
	EndClassProb
	CutPoint
		0.500000000000000 NaN NaN 
	CutVar
		5358 0 0 

Model 10
	NumNodes 3
	Children
		2 3
		0 0
		0 0
	EndChildren
	ClassProb
		0.499999999999999 0.500000000000001
		0.410525893434439 0.589474106565562
		0.890258056731616 0.109741943268384
	EndClassProb
	CutPoint
		0.500000000000000 NaN NaN 
	CutVar
		5358 0 0 

Model 11
	NumNodes 3
	Children
		2 3
		0 0
		0 0
	EndChildren
	ClassProb
		0.599724990224622 0.400275009775378
		0.049861649649073 0.950138350350927
		0.645191186250576 0.354808813749424
	EndClassProb
	CutPoint
		-1.407966700464122 NaN NaN 
	CutVar
		18963 0 0 

Model 12
	NumNodes 3
	Children
		2 3
		0 0
		0 0
	EndChildren
	ClassProb
		0.451468325576125 0.548531674423875
		0.394792355984850 0.605207644015150
		0.949666962201089 0.050333037798911
	EndClassProb
	CutPoint
		0.004557783547317 NaN NaN 
	CutVar
		18290 0 0 

Model 13
	NumNodes 3
	Children
		2 3
		0 0
		0 0
	EndChildren
	ClassProb
		0.568587372950318 0.431412627049682
		0.620429907662811 0.379570092337189
		0.054250541186579 0.945749458813421
	EndClassProb
	CutPoint
		0.829386352359296 NaN NaN 
	CutVar
		15009 0 0 

Model 14
	NumNodes 3
	Children
		2 3
		0 0
		0 0
	EndChildren
	ClassProb
		0.440509244108693 0.559490755891308
		0.888779369640231 0.111220630359769
		0.386897429071711 0.613102570928289
	EndClassProb
	CutPoint
		-0.258044411590942 NaN NaN 
	CutVar
		20452 0 0 

Model 15
	NumNodes 3
	Children
		2 3
		0 0
		0 0
	EndChildren
	ClassProb
		0.557259241738398 0.442740758261602
		0.629900674416679 0.370099325583321
		0.178762890018552 0.821237109981448
	EndClassProb
	CutPoint
		0.500000000000000 NaN NaN 
	CutVar
		967 0 0 

Model 16
	NumNodes 3
	Children
		2 3
		0 0
		0 0
	EndChildren
	ClassProb
		0.442348179414566 0.557651820585435
		0.197400287599889 0.802599712400112
		0.562137590382443 0.437862409617557
	EndClassProb
	CutPoint
		1746.889994667350000 NaN NaN 
	CutVar
		25372 0 0 

Model 17
	NumNodes 3
	Children
		2 3
		0 0
		0 0
	EndChildren
	ClassProb
		0.384746143657137 0.615253856342863
		0.471538559276009 0.528461440723991
		0.083613592456292 0.916386407543708
	EndClassProb
	CutPoint
		0.534773668415058 NaN NaN 
	CutVar
		22597 0 0 

Model 18
	NumNodes 3
	Children
		2 3
		0 0
		0 0
	EndChildren
	ClassProb
		0.499999999999999 0.500000000000001
		0.587946374349743 0.412053625650257
		0.127329391241644 0.872670608758356
	EndClassProb
	CutPoint
		0.534773668415058 NaN NaN 
	CutVar
		22597 0 0 

Model 19
	NumNodes 3
	Children
		2 3
		0 0
		0 0
	EndChildren
	ClassProb
		0.404279327153437 0.595720672846563
		0.359835732792306 0.640164267207694
		0.957073432031177 0.042926567968823
	EndClassProb
	CutPoint
		0.500000000000000 NaN NaN 
	CutVar
		3652 0 0 

Model 20
	NumNodes 3
	Children
		2 3
		0 0
		0 0
	EndChildren
	ClassProb
		0.548900613296058 0.451099386703942
		0.653971066027391 0.346028933972609
		0.311840976694652 0.688159023305348
	EndClassProb
	CutPoint
		0.830522150883902 NaN NaN 
	CutVar
		19826 0 0 

Model 21
	NumNodes 3
	Children
		2 3
		0 0
		0 0
	EndChildren
	ClassProb
		0.483684801342959 0.516315198657041
		0.181256077003239 0.818743922996761
		0.580509446617670 0.419490553382330
	EndClassProb
	CutPoint
		394.201711381999980 NaN NaN 
	CutVar
		25371 0 0 

Model 22
	NumNodes 3
	Children
		2 3
		0 0
		0 0
	EndChildren
	ClassProb
		0.405222537041755 0.594777462958245
		0.938702018754262 0.061297981245738
		0.354425693543923 0.645574306456078
	EndClassProb
	CutPoint
		-0.123240265043137 NaN NaN 
	CutVar
		22784 0 0 

Model 23
	NumNodes 3
	Children
		2 3
		0 0
		0 0
	EndChildren
	ClassProb
		0.552706706090221 0.447293293909779
		0.619037078515552 0.380962921484448
		0.054300053400032 0.945699946599968
	EndClassProb
	CutPoint
		2239.117751331999900 NaN NaN 
	CutVar
		25371 0 0 

Model 24
	NumNodes 3
	Children
		2 3
		0 0
		0 0
	EndChildren
	ClassProb
		0.424827434882257 0.575172565117743
		0.582385491242316 0.417614508757684
		0.263620285913555 0.736379714086445
	EndClassProb
	CutPoint
		0.500000000000000 NaN NaN 
	CutVar
		4985 0 0 

Model 25
	NumNodes 3
	Children
		2 3
		0 0
		0 0
	EndChildren
	ClassProb
		0.414412221420380 0.585587778579620
		0.362065460406440 0.637934539593560
		0.917811531253936 0.082188468746064
	EndClassProb
	CutPoint
		0.500000000000000 NaN NaN 
	CutVar
		3535 0 0 

Model 26
	NumNodes 3
	Children
		2 3
		0 0
		0 0
	EndChildren
	ClassProb
		0.553538858771871 0.446461141228129
		0.671810903042330 0.328189096957670
		0.333145049409525 0.666854950590475
	EndClassProb
	CutPoint
		0.111433670719420 NaN NaN 
	CutVar
		19955 0 0 

Model 27
	NumNodes 3
	Children
		2 3
		0 0
		0 0
	EndChildren
	ClassProb
		0.502547420284960 0.497452579715040
		0.243160902449592 0.756839097550408
		0.623010867507848 0.376989132492152
	EndClassProb
	CutPoint
		1746.889994667350000 NaN NaN 
	CutVar
		25372 0 0 

Model 28
	NumNodes 3
	Children
		2 3
		0 0
		0 0
	EndChildren
	ClassProb
		0.434908943531113 0.565091056468887
		0.365562962748576 0.634437037251424
		0.850984728346783 0.149015271653217
	EndClassProb
	CutPoint
		0.500000000000000 NaN NaN 
	CutVar
		5358 0 0 

Model 29
	NumNodes 3
	Children
		2 3
		0 0
		0 0
	EndChildren
	ClassProb
		0.559545957622960 0.440454042377040
		0.499582521505128 0.500417478494872
		0.993843329108268 0.006156670891732
	EndClassProb
	CutPoint
		0.500000000000000 NaN NaN 
	CutVar
		3649 0 0 

Model 30
	NumNodes 3
	Children
		2 3
		0 0
		0 0
	EndChildren
	ClassProb
		0.606750973900751 0.393249026099249
		0.673570098366310 0.326429901633690
		0.231939475257444 0.768060524742555
	EndClassProb
	CutPoint
		0.500000000000000 NaN NaN 
	CutVar
		967 0 0 

Model 31
	NumNodes 3
	Children
		2 3
		0 0
		0 0
	EndChildren
	ClassProb
		0.471744131245284 0.528255868754716
		0.657586340327962 0.342413659672038
		0.297886575012699 0.702113424987301
	EndClassProb
	CutPoint
		0.500000000000000 NaN NaN 
	CutVar
		4485 0 0 

Model 32
	NumNodes 3
	Children
		2 3
		0 0
		0 0
	EndChildren
	ClassProb
		0.474424801123819 0.525575198876181
		0.411708078509154 0.588291921490846
		0.861614433046818 0.138385566953182
	EndClassProb
	CutPoint
		0.500000000000000 NaN NaN 
	CutVar
		1085 0 0 

Model 33
	NumNodes 3
	Children
		2 3
		0 0
		0 0
	EndChildren
	ClassProb
		0.570056155486804 0.429943844513196
		0.225238228374262 0.774761771625738
		0.637575338430356 0.362424661569644
	EndClassProb
	CutPoint
		-0.403482490366289 NaN NaN 
	CutVar
		18963 0 0 

Model 34
	NumNodes 3
	Children
		2 3
		0 0
		0 0
	EndChildren
	ClassProb
		0.458140424969652 0.541859575030348
		0.539218731004954 0.460781268995046
		0.180409088119793 0.819590911880207
	EndClassProb
	CutPoint
		0.500000000000000 NaN NaN 
	CutVar
		7205 0 0 

Model 35
	NumNodes 3
	Children
		2 3
		0 0
		0 0
	EndChildren
	ClassProb
		0.397614323361661 0.602385676638339
		0.358844717854468 0.641155282145532
		1.000000000000000 0.000000000000000
	EndClassProb
	CutPoint
		0.089000677366778 NaN NaN 
	CutVar
		17542 0 0 

Model 36
	NumNodes 3
	Children
		2 3
		0 0
		0 0
	EndChildren
	ClassProb
		0.545612120115275 0.454387879884725
		0.601415528464746 0.398584471535254
		0.096038815834017 0.903961184165983
	EndClassProb
	CutPoint
		0.500000000000000 NaN NaN 
	CutVar
		10162 0 0 

Model 37
	NumNodes 3
	Children
		2 3
		0 0
		0 0
	EndChildren
	ClassProb
		0.435903345113705 0.564096654886295
		0.617227229743629 0.382772770256372
		0.323723810676349 0.676276189323652
	EndClassProb
	CutPoint
		0.500000000000000 NaN NaN 
	CutVar
		9166 0 0 

Model 38
	NumNodes 3
	Children
		2 3
		0 0
		0 0
	EndChildren
	ClassProb
		0.469203750905146 0.530796249094854
		0.350597960912299 0.649402039087701
		0.690143655151802 0.309856344848198
	EndClassProb
	CutPoint
		0.500000000000000 NaN NaN 
	CutVar
		8033 0 0 

Model 39
	NumNodes 3
	Children
		2 3
		0 0
		0 0
	EndChildren
	ClassProb
		0.520742005319809 0.479257994680191
		0.601169166692745 0.398830833307255
		0.220612035767426 0.779387964232574
	EndClassProb
	CutPoint
		0.051344680003682 NaN NaN 
	CutVar
		24315 0 0 

Model 40
	NumNodes 3
	Children
		2 3
		0 0
		0 0
	EndChildren
	ClassProb
		0.435627403958760 0.564372596041240
		0.191261828135461 0.808738171864539
		0.522120061658655 0.477879938341345
	EndClassProb
	CutPoint
		-0.369235219560318 NaN NaN 
	CutVar
		20847 0 0 

Model 41
	NumNodes 3
	Children
		2 3
		0 0
		0 0
	EndChildren
	ClassProb
		0.384987174997690 0.615012825002310
		0.493168730930993 0.506831269069007
		0.217149134151969 0.782850865848031
	EndClassProb
	CutPoint
		0.280468484239211 NaN NaN 
	CutVar
		19955 0 0 

Model 42
	NumNodes 3
	Children
		2 3
		0 0
		0 0
	EndChildren
	ClassProb
		0.500000000000000 0.500000000000000
		0.545993351086573 0.454006648913427
		0.043790193762153 0.956209806237847
	EndClassProb
	CutPoint
		0.829386352359296 NaN NaN 
	CutVar
		15009 0 0 

Model 43
	NumNodes 3
	Children
		2 3
		0 0
		0 0
	EndChildren
	ClassProb
		0.429782300262458 0.570217699737542
		0.535893035038551 0.464106964961449
		0.253988790674152 0.746011209325848
	EndClassProb
	CutPoint
		0.280468484239211 NaN NaN 
	CutVar
		19955 0 0 

Model 44
	NumNodes 3
	Children
		2 3
		0 0
		0 0
	EndChildren
	ClassProb
		0.395852336514310 0.604147663485690
		0.332650811965816 0.667349188034184
		0.752649127514060 0.247350872485940
	EndClassProb
	CutPoint
		0.500000000000000 NaN NaN 
	CutVar
		3169 0 0 

Model 45
	NumNodes 3
	Children
		2 3
		0 0
		0 0
	EndChildren
	ClassProb
		0.525063767849355 0.474936232150645
		0.668253829523487 0.331746170476513
		0.362958587035198 0.637041412964802
	EndClassProb
	CutPoint
		0.500000000000000 NaN NaN 
	CutVar
		4985 0 0 

Model 46
	NumNodes 3
	Children
		2 3
		0 0
		0 0
	EndChildren
	ClassProb
		0.517166657149220 0.482833342850780
		0.864958786647202 0.135041213352798
		0.452730066849119 0.547269933150881
	EndClassProb
	CutPoint
		-0.026806125630949 NaN NaN 
	CutVar
		20452 0 0 

Model 47
	NumNodes 3
	Children
		2 3
		0 0
		0 0
	EndChildren
	ClassProb
		0.587064972987259 0.412935027012741
		0.000000000000000 1.000000000000000
		0.623408690420968 0.376591309579032
	EndClassProb
	CutPoint
		-1.445416608564977 NaN NaN 
	CutVar
		23404 0 0 

Model 48
	NumNodes 3
	Children
		2 3
		0 0
		0 0
	EndChildren
	ClassProb
		0.454832900909410 0.545167099090590
		0.414312976179733 0.585687023820267
		0.966436991316072 0.033563008683929
	EndClassProb
	CutPoint
		0.059046600585953 NaN NaN 
	CutVar
		18290 0 0 

Model 49
	NumNodes 3
	Children
		2 3
		0 0
		0 0
	EndChildren
	ClassProb
		0.554604601138934 0.445395398861066
		0.078323415350196 0.921676584649804
		0.600996913200441 0.399003086799559
	EndClassProb
	CutPoint
		-0.759385361782062 NaN NaN 
	CutVar
		25313 0 0 

Model 50
	NumNodes 3
	Children
		2 3
		0 0
		0 0
	EndChildren
	ClassProb
		0.444398457430029 0.555601542569971
		0.910552458800598 0.089447541199402
		0.400466169727693 0.599533830272307
	EndClassProb
	CutPoint
		-0.054987354674541 NaN NaN 
	CutVar
		17795 0 0 

Model 51
	NumNodes 3
	Children
		2 3
		0 0
		0 0
	EndChildren
	ClassProb
		0.552298191232638 0.447701808767362
		0.600546843893834 0.399453156106166
		0.107849790138372 0.892150209861628
	EndClassProb
	CutPoint
		2239.117751331999900 NaN NaN 
	CutVar
		25371 0 0 

Model 52
	NumNodes 3
	Children
		2 3
		0 0
		0 0
	EndChildren
	ClassProb
		0.444800644721994 0.555199355278006
		0.940437687967926 0.059562312032074
		0.406448205132889 0.593551794867111
	EndClassProb
	CutPoint
		-0.310485243746063 NaN NaN 
	CutVar
		13152 0 0 

Model 53
	NumNodes 3
	Children
		2 3
		0 0
		0 0
	EndChildren
	ClassProb
		0.549000319326537 0.450999680673463
		0.120049258453385 0.879950741546615
		0.599078405574954 0.400921594425046
	EndClassProb
	CutPoint
		-0.962838150685581 NaN NaN 
	CutVar
		16215 0 0 

Model 54
	NumNodes 3
	Children
		2 3
		0 0
		0 0
	EndChildren
	ClassProb
		0.443698719048871 0.556301280951129
		0.541887605960186 0.458112394039813
		0.243769054797079 0.756230945202921
	EndClassProb
	CutPoint
		0.830522150883902 NaN NaN 
	CutVar
		19826 0 0 

Model 55
	NumNodes 3
	Children
		2 3
		0 0
		0 0
	EndChildren
	ClassProb
		0.400262785782927 0.599737214217072
		0.174174231303871 0.825825768696129
		0.499660189746482 0.500339810253518
	EndClassProb
	CutPoint
		394.201711381999980 NaN NaN 
	CutVar
		25371 0 0 

Model 56
	NumNodes 3
	Children
		2 3
		0 0
		0 0
	EndChildren
	ClassProb
		0.500000000000000 0.500000000000000
		0.240131737065097 0.759868262934903
		0.599410880789703 0.400589119210298
	EndClassProb
	CutPoint
		394.201711381999980 NaN NaN 
	CutVar
		25371 0 0 

Model 57
	NumNodes 3
	Children
		2 3
		0 0
		0 0
	EndChildren
	ClassProb
		0.429981515265066 0.570018484734934
		0.890116279483716 0.109883720516284
		0.383075525843842 0.616924474156158
	EndClassProb
	CutPoint
		-0.203278920959923 NaN NaN 
	CutVar
		22481 0 0 

Model 58
	NumNodes 3
	Children
		2 3
		0 0
		0 0
	EndChildren
	ClassProb
		0.549906047389505 0.450093952610495
		0.589595569493601 0.410404430506399
		0.065169765168197 0.934830234831803
	EndClassProb
	CutPoint
		0.829386352359296 NaN NaN 
	CutVar
		15009 0 0 

Model 59
	NumNodes 3
	Children
		2 3
		0 0
		0 0
	EndChildren
	ClassProb
		0.448964994293800 0.551035005706200
		0.600866997419071 0.399133002580929
		0.330854178759294 0.669145821240706
	EndClassProb
	CutPoint
		0.500000000000000 NaN NaN 
	CutVar
		7270 0 0 

Model 60
	NumNodes 3
	Children
		2 3
		0 0
		0 0
	EndChildren
	ClassProb
		0.463568379292570 0.536431620707430
		0.864272660784477 0.135727339215523
		0.403374853831897 0.596625146168103
	EndClassProb
	CutPoint
		-0.026806125630949 NaN NaN 
	CutVar
		20452 0 0 

Model 61
	NumNodes 3
	Children
		2 3
		0 0
		0 0
	EndChildren
	ClassProb
		0.565301952377057 0.434698047622943
		0.653099181369197 0.346900818630803
		0.247283921827348 0.752716078172653
	EndClassProb
	CutPoint
		0.500000000000000 NaN NaN 
	CutVar
		7205 0 0 

Model 62
	NumNodes 3
	Children
		2 3
		0 0
		0 0
	EndChildren
	ClassProb
		0.461527516094539 0.538472483905461
		1.000000000000000 0.000000000000000
		0.422428792878829 0.577571207121171
	EndClassProb
	CutPoint
		-0.255140517198732 NaN NaN 
	CutVar
		17856 0 0 

Model 63
	NumNodes 3
	Children
		2 3
		0 0
		0 0
	EndChildren
	ClassProb
		0.555838579152151 0.444161420847849
		0.001583641502705 0.998416358497294
		0.600056903918011 0.399943096081989
	EndClassProb
	CutPoint
		-1.157479701140764 NaN NaN 
	CutVar
		21484 0 0 

Model 64
	NumNodes 3
	Children
		2 3
		0 0
		0 0
	EndChildren
	ClassProb
		0.441564252004993 0.558435747995007
		0.404377966798170 0.595622033201830
		0.969797253261832 0.030202746738168
	EndClassProb
	CutPoint
		0.500000000000000 NaN NaN 
	CutVar
		11153 0 0 

Model 65
	NumNodes 3
	Children
		2 3
		0 0
		0 0
	EndChildren
	ClassProb
		0.548802152914405 0.451197847085595
		0.600291470979809 0.399708529020191
		0.211273636663855 0.788726363336145
	EndClassProb
	CutPoint
		0.500000000000000 NaN NaN 
	CutVar
		9167 0 0 

Model 66
	NumNodes 3
	Children
		2 3
		0 0
		0 0
	EndChildren
	ClassProb
		0.453824000567300 0.546175999432700
		0.419082735878905 0.580917264121095
		0.984784070105745 0.015215929894255
	EndClassProb
	CutPoint
		0.500000000000000 NaN NaN 
	CutVar
		3649 0 0 

Model 67
	NumNodes 3
	Children
		2 3
		0 0
		0 0
	EndChildren
	ClassProb
		0.548737642271903 0.451262357728097
		0.622950823621029 0.377049176378971
		0.330541562936174 0.669458437063826
	EndClassProb
	CutPoint
		0.500000000000000 NaN NaN 
	CutVar
		6275 0 0 

Model 68
	NumNodes 3
	Children
		2 3
		0 0
		0 0
	EndChildren
	ClassProb
		0.481004571404527 0.518995428595473
		0.435573868447141 0.564426131552859
		0.890115121108224 0.109884878891776
	EndClassProb
	CutPoint
		0.500000000000000 NaN NaN 
	CutVar
		3880 0 0 

Model 69
	NumNodes 3
	Children
		2 3
		0 0
		0 0
	EndChildren
	ClassProb
		0.560887706283123 0.439112293716877
		0.592680742891535 0.407319257108466
		0.000000000000000 1.000000000000000
	EndClassProb
	CutPoint
		1.477556289745575 NaN NaN 
	CutVar
		16628 0 0 

Model 70
	NumNodes 3
	Children
		2 3
		0 0
		0 0
	EndChildren
	ClassProb
		0.456354670911609 0.543645329088391
		0.226343186346196 0.773656813653804
		0.528687023772713 0.471312976227287
	EndClassProb
	CutPoint
		376.198881331999810 NaN NaN 
	CutVar
		25371 0 0 

Model 71
	NumNodes 3
	Children
		2 3
		0 0
		0 0
	EndChildren
	ClassProb
		0.408025839098847 0.591974160901153
		0.991684630798811 0.008315369201189
		0.378981853334310 0.621018146665691
	EndClassProb
	CutPoint
		-0.778238208907371 NaN NaN 
	CutVar
		22222 0 0 

Model 72
	NumNodes 3
	Children
		2 3
		0 0
		0 0
	EndChildren
	ClassProb
		0.536261520010753 0.463738479989247
		0.266673804342424 0.733326195657576
		0.610473405128686 0.389526594871315
	EndClassProb
	CutPoint
		-0.426045302385952 NaN NaN 
	CutVar
		20847 0 0 

Model 73
	NumNodes 3
	Children
		2 3
		0 0
		0 0
	EndChildren
	ClassProb
		0.455035707515920 0.544964292484080
		0.552361978133854 0.447638021866146
		0.272844628002897 0.727155371997103
	EndClassProb
	CutPoint
		0.830522150883902 NaN NaN 
	CutVar
		19826 0 0 

Model 74
	NumNodes 3
	Children
		2 3
		0 0
		0 0
	EndChildren
	ClassProb
		0.416371172969962 0.583628827030038
		0.379758590607143 0.620241409392857
		1.000000000000000 0.000000000000000
	EndClassProb
	CutPoint
		0.692639386771661 NaN NaN 
	CutVar
		18290 0 0 

Model 75
	NumNodes 3
	Children
		2 3
		0 0
		0 0
	EndChildren
	ClassProb
		0.545926084779779 0.454073915220221
		0.659521815085410 0.340478184914590
		0.354257991755267 0.645742008244733
	EndClassProb
	CutPoint
		0.142925433514890 NaN NaN 
	CutVar
		21851 0 0 

Model 76
	NumNodes 3
	Children
		2 3
		0 0
		0 0
	EndChildren
	ClassProb
		0.507117930136872 0.492882069863128
		0.560913595715299 0.439086404284701
		0.079678337204600 0.920321662795400
	EndClassProb
	CutPoint
		2239.117751331999900 NaN NaN 
	CutVar
		25371 0 0 

Model 77
	NumNodes 3
	Children
		2 3
		0 0
		0 0
	EndChildren
	ClassProb
		0.425586663638018 0.574413336361982
		0.386475806809314 0.613524193190686
		0.892064233144016 0.107935766855984
	EndClassProb
	CutPoint
		0.500000000000000 NaN NaN 
	CutVar
		5858 0 0 

Model 78
	NumNodes 3
	Children
		2 3
		0 0
		0 0
	EndChildren
	ClassProb
		0.542890484441593 0.457109515558407
		0.574247458196707 0.425752541803293
		0.000000000000000 1.000000000000000
	EndClassProb
	CutPoint
		0.500000000000000 NaN NaN 
	CutVar
		1419 0 0 

Model 79
	NumNodes 3
	Children
		2 3
		0 0
		0 0
	EndChildren
	ClassProb
		0.454304840698404 0.545695159301596
		0.611954605124642 0.388045394875358
		0.342855889410432 0.657144110589568
	EndClassProb
	CutPoint
		0.500000000000000 NaN NaN 
	CutVar
		7270 0 0 

Model 80
	NumNodes 3
	Children
		2 3
		0 0
		0 0
	EndChildren
	ClassProb
		0.476250895188019 0.523749104811981
		0.433217821228407 0.566782178771593
		0.991993986962061 0.008006013037939
	EndClassProb
	CutPoint
		0.500000000000000 NaN NaN 
	CutVar
		3649 0 0 

Model 81
	NumNodes 3
	Children
		2 3
		0 0
		0 0
	EndChildren
	ClassProb
		0.562943967510134 0.437056032489866
		0.060318377471574 0.939681622528426
		0.609546139897420 0.390453860102580
	EndClassProb
	CutPoint
		-1.407966700464122 NaN NaN 
	CutVar
		18963 0 0 

Model 82
	NumNodes 3
	Children
		2 3
		0 0
		0 0
	EndChildren
	ClassProb
		0.444531053653940 0.555468946346060
		0.935027595791555 0.064972404208445
		0.398470377704855 0.601529622295145
	EndClassProb
	CutPoint
		-0.310485243746063 NaN NaN 
	CutVar
		13152 0 0 

Model 83
	NumNodes 3
	Children
		2 3
		0 0
		0 0
	EndChildren
	ClassProb
		0.556147708606877 0.443852291393123
		0.473877053214353 0.526122946785647
		0.786867161973896 0.213132838026104
	EndClassProb
	CutPoint
		0.500000000000000 NaN NaN 
	CutVar
		5605 0 0 

Model 84
	NumNodes 3
	Children
		2 3
		0 0
		0 0
	EndChildren
	ClassProb
		0.604800809083982 0.395199190916018
		0.633573411834549 0.366426588165451
		0.000000000000000 1.000000000000000
	EndClassProb
	CutPoint
		1.477556289745575 NaN NaN 
	CutVar
		16628 0 0 

Model 85
	NumNodes 3
	Children
		2 3
		0 0
		0 0
	EndChildren
	ClassProb
		0.465078259481681 0.534921740518319
		0.408328366068089 0.591671633931911
		0.782515877163118 0.217484122836882
	EndClassProb
	CutPoint
		0.500000000000000 NaN NaN 
	CutVar
		5358 0 0 

Model 86
	NumNodes 3
	Children
		2 3
		0 0
		0 0
	EndChildren
	ClassProb
		0.552142479698657 0.447857520301343
		0.591508435418691 0.408491564581309
		0.089496923629429 0.910503076370571
	EndClassProb
	CutPoint
		0.500000000000000 NaN NaN 
	CutVar
		2027 0 0 

Model 87
	NumNodes 3
	Children
		2 3
		0 0
		0 0
	EndChildren
	ClassProb
		0.451246413535266 0.548753586464734
		0.404179417667590 0.595820582332410
		0.845506939624709 0.154493060375292
	EndClassProb
	CutPoint
		0.500000000000000 NaN NaN 
	CutVar
		5110 0 0 

Model 88
	NumNodes 3
	Children
		2 3
		0 0
		0 0
	EndChildren
	ClassProb
		0.550613143238134 0.449386856761866
		0.000000000000000 1.000000000000000
		0.579802190135378 0.420197809864622
	EndClassProb
	CutPoint
		-1.445416608564977 NaN NaN 
	CutVar
		23404 0 0 

Model 89
	NumNodes 3
	Children
		2 3
		0 0
		0 0
	EndChildren
	ClassProb
		0.458114162189429 0.541885837810571
		0.423639265427459 0.576360734572541
		0.949766551006540 0.050233448993460
	EndClassProb
	CutPoint
		0.500000000000000 NaN NaN 
	CutVar
		11153 0 0 

Model 90
	NumNodes 3
	Children
		2 3
		0 0
		0 0
	EndChildren
	ClassProb
		0.547667292722354 0.452332707277646
		0.650605518203411 0.349394481796589
		0.386781405752594 0.613218594247406
	EndClassProb
	CutPoint
		0.000428602397294 NaN NaN 
	CutVar
		19955 0 0 

Model 91
	NumNodes 3
	Children
		2 3
		0 0
		0 0
	EndChildren
	ClassProb
		0.519213481706283 0.480786518293717
		0.867049217892547 0.132950782107453
		0.468828527394783 0.531171472605217
	EndClassProb
	CutPoint
		-0.258044411590942 NaN NaN 
	CutVar
		20452 0 0 

Model 92
	NumNodes 3
	Children
		2 3
		0 0
		0 0
	EndChildren
	ClassProb
		0.575887496604307 0.424112503395693
		0.603397682934643 0.396602317065357
		0.000000000000000 1.000000000000000
	EndClassProb
	CutPoint
		0.500000000000000 NaN NaN 
	CutVar
		1419 0 0 

Model 93
	NumNodes 3
	Children
		2 3
		0 0
		0 0
	EndChildren
	ClassProb
		0.463319689683528 0.536680310316472
		0.428998801331524 0.571001198668476
		0.978018006990420 0.021981993009579
	EndClassProb
	CutPoint
		0.500000000000000 NaN NaN 
	CutVar
		3649 0 0 

Model 94
	NumNodes 3
	Children
		2 3
		0 0
		0 0
	EndChildren
	ClassProb
		0.549550202740697 0.450449797259303
		0.004131092164734 0.995868907835266
		0.578285095947269 0.421714904052731
	EndClassProb
	CutPoint
		-1.157479701140764 NaN NaN 
	CutVar
		21484 0 0 

Model 95
	NumNodes 3
	Children
		2 3
		0 0
		0 0
	EndChildren
	ClassProb
		0.458667510209940 0.541332489790060
		0.420634648577337 0.579365351422664
		0.904729336536285 0.095270663463715
	EndClassProb
	CutPoint
		0.004557783547317 NaN NaN 
	CutVar
		18290 0 0 

Model 96
	NumNodes 3
	Children
		2 3
		0 0
		0 0
	EndChildren
	ClassProb
		0.549277969014167 0.450722030985833
		0.622842031562487 0.377157968437513
		0.285039964807146 0.714960035192854
	EndClassProb
	CutPoint
		0.646705766044668 NaN NaN 
	CutVar
		17300 0 0 

Model 97
	NumNodes 3
	Children
		2 3
		0 0
		0 0
	EndChildren
	ClassProb
		0.465824163822492 0.534175836177508
		0.419758124527020 0.580241875472980
		0.919503604633060 0.080496395366940
	EndClassProb
	CutPoint
		0.500000000000000 NaN NaN 
	CutVar
		10718 0 0 

Model 98
	NumNodes 3
	Children
		2 3
		0 0
		0 0
	EndChildren
	ClassProb
		0.559752433904384 0.440247566095616
		0.169180219814979 0.830819780185021
		0.598977617697046 0.401022382302954
	EndClassProb
	CutPoint
		-0.762495263762138 NaN NaN 
	CutVar
		22478 0 0 

Model 99
	NumNodes 3
	Children
		2 3
		0 0
		0 0
	EndChildren
	ClassProb
		0.459188143518171 0.540811856481829
		0.429322217230983 0.570677782769017
		1.000000000000000 0.000000000000000
	EndClassProb
	CutPoint
		0.692639386771661 NaN NaN 
	CutVar
		18290 0 0 

Model 100
	NumNodes 3
	Children
		2 3
		0 0
		0 0
	EndChildren
	ClassProb
		0.544115725989397 0.455884274010603
		0.592131173622002 0.407868826377998
		0.207410247715429 0.792589752284571
	EndClassProb
	CutPoint
		0.500000000000000 NaN NaN 
	CutVar
		967 0 0 

TrainedWeights
0.853705449543450 0.648933048542888 0.660231166710695 0.358351061996355 0.424042081089708 0.267277994494287 0.210367915504001 0.268254814786639 0.198365390928646 0.299817635700992 0.350660188226122 0.288531640060091 0.309998743033079 0.293226309313614 0.333228434029939 0.290096324184773 0.234725603747213 0.292700551191426 0.340018919932138 0.341640116520466 0.283963513971717 0.356488784149810 0.325875181149209 0.328311025808518 0.341250523714324 0.354273768443806 0.343843941526434 0.343664369116699 0.121148473989698 0.395082103341368 0.378246104195172 0.258386643781335 0.331734628752985 0.208098652149497 0.338019413729820 0.276480833875764 0.317687372696779 0.339764087973386 0.285153539789726 0.196589006709039 0.234216549606376 0.168707109709658 0.234153545929008 0.377311423841170 0.317482776641833 0.196342186936486 0.299359882655666 0.231298232900076 0.264951152205296 0.258232905503092 0.264185019270323 0.241521112072436 0.262767288019613 0.228883117603959 0.202185143556507 0.295966838366357 0.292456841121996 0.235717979544538 0.286117741114029 0.269500661520161 0.364648705828281 0.215615441867407 0.265014288915689 0.245263664740165 0.255908209785680 0.214677898516852 0.276334095653231 0.196445070562060 0.233198194237719 0.176393556298762 0.284622342284694 0.281166456975826 0.230442271047675 0.293460557028402 0.319205176076226 0.205005696515256 0.277017521674179 0.197520897989383 0.284275130889076 0.201751600567623 0.282390945193026 0.266448864041510 0.191632974212270 0.309990043444448 0.246080519846403 0.237407695221731 0.249978661157687 0.204725550276800 0.204459066541149 0.279061187105994 0.148417190193163 0.247916618217819 0.195337285604541 0.201033263671401 0.213019761664331 0.293992802118074 0.226841795362866 0.245063911948538 0.188493063529036 0.238733552085192 