Model 1
	NumNodes 3
	Children
		2 3
		0 0
		0 0
	EndChildren
	ClassProb
		0.500000000000001 0.499999999999999
		0.102728438015016 0.897271561984984
		0.978390297684675 0.021609702315325
	EndClassProb
	CutPoint
		0.500000000000000 NaN NaN 
	CutVar
		9041 0 0 

Model 2
	NumNodes 3
	Children
		2 3
		0 0
		0 0
	EndChildren
	ClassProb
		0.663248001042729 0.336751998957271
		0.876067254901875 0.123932745098125
		0.042773990450973 0.957226009549027
	EndClassProb
	CutPoint
		0.500000000000000 NaN NaN 
	CutVar
		5358 0 0 

Model 3
	NumNodes 3
	Children
		2 3
		0 0
		0 0
	EndChildren
	ClassProb
		0.416622362762104 0.583377637237896
		0.155567287120918 0.844432712879082
		0.866933585378935 0.133066414621065
	EndClassProb
	CutPoint
		0.500000000000000 NaN NaN 
	CutVar
		4485 0 0 

Model 4
	NumNodes 3
	Children
		2 3
		0 0
		0 0
	EndChildren
	ClassProb
		0.520806754451572 0.479193245548428
		0.773272829394721 0.226727170605279
		0.033459843135926 0.966540156864074
	EndClassProb
	CutPoint
		0.500000000000000 NaN NaN 
	CutVar
		4240 0 0 

Model 5
	NumNodes 3
	Children
		2 3
		0 0
		0 0
	EndChildren
	ClassProb
		0.338997612105275 0.661002387894725
		0.193775050481635 0.806224949518365
		0.982729347501972 0.017270652498028
	EndClassProb
	CutPoint
		0.090110045064970 NaN NaN 
	CutVar
		18963 0 0 

Model 6
	NumNodes 3
	Children
		2 3
		0 0
		0 0
	EndChildren
	ClassProb
		0.597982928810590 0.402017071189410
		0.799175583808300 0.200824416191700
		0.123446219672198 0.876553780327803
	EndClassProb
	CutPoint
		0.500000000000000 NaN NaN 
	CutVar
		7021 0 0 

Model 7
	NumNodes 3
	Children
		2 3
		0 0
		0 0
	EndChildren
	ClassProb
		0.444659500675640 0.555340499324360
		0.225084177504592 0.774915822495408
		0.916818032358123 0.083181967641877
	EndClassProb
	CutPoint
		0.500000000000000 NaN NaN 
	CutVar
		7141 0 0 

Model 8
	NumNodes 3
	Children
		2 3
		0 0
		0 0
	EndChildren
	ClassProb
		0.604133346297529 0.395866653702471
		0.790352504571376 0.209647495428624
		0.014273061022875 0.985726938977125
	EndClassProb
	CutPoint
		0.500000000000000 NaN NaN 
	CutVar
		5357 0 0 

Model 9
	NumNodes 3
	Children
		2 3
		0 0
		0 0
	EndChildren
	ClassProb
		0.369267146819371 0.630732853180629
		0.642448213910272 0.357551786089728
		0.038815886603142 0.961184113396859
	EndClassProb
	CutPoint
		0.500000000000000 NaN NaN 
	CutVar
		5233 0 0 

Model 10
	NumNodes 3
	Children
		2 3
		0 0
		0 0
	EndChildren
	ClassProb
		0.264707524267985 0.735292475732015
		0.177770169456955 0.822229830543045
		1.000000000000000 0.000000000000000
	EndClassProb
	CutPoint
		2539.788911264099600 NaN NaN 
	CutVar
		25371 0 0 

Model 11
	NumNodes 3
	Children
		2 3
		0 0
		0 0
	EndChildren
	ClassProb
		0.562859904142266 0.437140095857734
		0.272430155734458 0.727569844265542
		0.914834446301703 0.085165553698297
	EndClassProb
	CutPoint
		0.500000000000000 NaN NaN 
	CutVar
		7270 0 0 

Model 12
	NumNodes 3
	Children
		2 3
		0 0
		0 0
	EndChildren
	ClassProb
		0.652075471365218 0.347924528634782
		0.821858935396127 0.178141064603873
		0.226339704514996 0.773660295485004
	EndClassProb
	CutPoint
		0.500000000000000 NaN NaN 
	CutVar
		8792 0 0 

Model 13
	NumNodes 3
	Children
		2 3
		0 0
		0 0
	EndChildren
	ClassProb
		0.531676612344785 0.468323387655215
		0.707265594648358 0.292734405351642
		0.000215311839343 0.999784688160657
	EndClassProb
	CutPoint
		0.500000000000000 NaN NaN 
	CutVar
		3532 0 0 

Model 14
	NumNodes 3
	Children
		2 3
		0 0
		0 0
	EndChildren
	ClassProb
		0.340944937834631 0.659055062165369
		0.185039211600174 0.814960788399826
		0.903732128527157 0.096267871472842
	EndClassProb
	CutPoint
		0.500000000000000 NaN NaN 
	CutVar
		6278 0 0 

Model 15
	NumNodes 3
	Children
		2 3
		0 0
		0 0
	EndChildren
	ClassProb
		0.554518664871038 0.445481335128962
		0.702162180583279 0.297837819416721
		0.085176764669945 0.914823235330056
	EndClassProb
	CutPoint
		0.500000000000000 NaN NaN 
	CutVar
		3533 0 0 

Model 16
	NumNodes 3
	Children
		2 3
		0 0
		0 0
	EndChildren
	ClassProb
		0.395916732696087 0.604083267303913
		0.220129735850200 0.779870264149800
		0.860838303391663 0.139161696608337
	EndClassProb
	CutPoint
		0.500000000000000 NaN NaN 
	CutVar
		5482 0 0 

Model 17
	NumNodes 3
	Children
		2 3
		0 0
		0 0
	EndChildren
	ClassProb
		0.550772645216570 0.449227354783430
		0.323553342922917 0.676446657077083
		1.000000000000000 0.000000000000000
	EndClassProb
	CutPoint
		2539.788911264099600 NaN NaN 
	CutVar
		25371 0 0 

Model 18
	NumNodes 3
	Children
		2 3
		0 0
		0 0
	EndChildren
	ClassProb
		0.713914808848459 0.286085191151541
		0.815226434963906 0.184773565036094
		0.000000000000000 1.000000000000000
	EndClassProb
	CutPoint
		0.500000000000000 NaN NaN 
	CutVar
		238 0 0 

Model 19
	NumNodes 3
	Children
		2 3
		0 0
		0 0
	EndChildren
	ClassProb
		0.425867428249587 0.574132571750414
		0.058475222022884 0.941524777977116
		0.591800259714391 0.408199740285609
	EndClassProb
	CutPoint
		257.160381381999970 NaN NaN 
	CutVar
		25371 0 0 

Model 20
	NumNodes 3
	Children
		2 3
		0 0
		0 0
	EndChildren
	ClassProb
		0.321326353373578 0.678673646626422
		0.188571132448783 0.811428867551217
		0.696301982626812 0.303698017373188
	EndClassProb
	CutPoint
		0.500000000000000 NaN NaN 
	CutVar
		3766 0 0 

Model 21
	NumNodes 3
	Children
		2 3
		0 0
		0 0
	EndChildren
	ClassProb
		0.434941181122409 0.565058818877591
		0.234130499491565 0.765869500508435
		0.873066766804931 0.126933233195069
	EndClassProb
	CutPoint
		0.500000000000000 NaN NaN 
	CutVar
		7141 0 0 

Model 22
	NumNodes 3
	Children
		2 3
		0 0
		0 0
	EndChildren
	ClassProb
		0.572075772109181 0.427924227890819
		0.760597564392847 0.239402435607153
		0.180796325627558 0.819203674372442
	EndClassProb
	CutPoint
		0.500000000000000 NaN NaN 
	CutVar
		8033 0 0 

Model 23
	NumNodes 3
	Children
		2 3
		0 0
		0 0
	EndChildren
	ClassProb
		0.462572129290476 0.537427870709524
		0.590671849040632 0.409328150959368
		0.024526313554250 0.975473686445750
	EndClassProb
	CutPoint
		0.500000000000000 NaN NaN 
	CutVar
		5357 0 0 

Model 24
	NumNodes 3
	Children
		2 3
		0 0
		0 0
	EndChildren
	ClassProb
		0.345777099755282 0.654222900244718
		0.242419830606493 0.757580169393507
		0.915506649927741 0.084493350072259
	EndClassProb
	CutPoint
		0.500000000000000 NaN NaN 
	CutVar
		12322 0 0 

Model 25
	NumNodes 3
	Children
		2 3
		0 0
		0 0
	EndChildren
	ClassProb
		0.560170898345065 0.439829101654935
		0.744146360838344 0.255853639161656
		0.149632566639340 0.850367433360660
	EndClassProb
	CutPoint
		0.500000000000000 NaN NaN 
	CutVar
		8792 0 0 

Model 26
	NumNodes 3
	Children
		2 3
		0 0
		0 0
	EndChildren
	ClassProb
		0.434495941419778 0.565504058580222
		0.306802731427234 0.693197268572766
		0.938504254018707 0.061495745981293
	EndClassProb
	CutPoint
		0.500000000000000 NaN NaN 
	CutVar
		4486 0 0 

Model 27
	NumNodes 3
	Children
		2 3
		0 0
		0 0
	EndChildren
	ClassProb
		0.603538315625379 0.396461684374621
		0.721531759269461 0.278468240730539
		0.000000000000000 1.000000000000000
	EndClassProb
	CutPoint
		0.500000000000000 NaN NaN 
	CutVar
		238 0 0 

Model 28
	NumNodes 3
	Children
		2 3
		0 0
		0 0
	EndChildren
	ClassProb
		0.393404880430509 0.606595119569491
		0.289441476581299 0.710558523418702
		0.953968068407119 0.046031931592881
	EndClassProb
	CutPoint
		0.500000000000000 NaN NaN 
	CutVar
		1199 0 0 

Model 29
	NumNodes 3
	Children
		2 3
		0 0
		0 0
	EndChildren
	ClassProb
		0.585352832682093 0.414647167317907
		0.723700648909582 0.276299351090418
		0.082958005532750 0.917041994467250
	EndClassProb
	CutPoint
		0.500000000000000 NaN NaN 
	CutVar
		3533 0 0 

Model 30
	NumNodes 3
	Children
		2 3
		0 0
		0 0
	EndChildren
	ClassProb
		0.408843382039455 0.591156617960545
		0.224125202821828 0.775874797178172
		0.789240728681673 0.210759271318327
	EndClassProb
	CutPoint
		0.500000000000000 NaN NaN 
	CutVar
		5482 0 0 

Model 31
	NumNodes 3
	Children
		2 3
		0 0
		0 0
	EndChildren
	ClassProb
		0.508575713418019 0.491424286581981
		0.645122866365909 0.354877133634091
		0.069222545521866 0.930777454478134
	EndClassProb
	CutPoint
		0.500000000000000 NaN NaN 
	CutVar
		7021 0 0 

Model 32
	NumNodes 3
	Children
		2 3
		0 0
		0 0
	EndChildren
	ClassProb
		0.373785877161377 0.626214122838623
		0.228823384145437 0.771176615854564
		0.883265517871680 0.116734482128320
	EndClassProb
	CutPoint
		0.500000000000000 NaN NaN 
	CutVar
		6278 0 0 

Model 33
	NumNodes 3
	Children
		2 3
		0 0
		0 0
	EndChildren
	ClassProb
		0.559516467892129 0.440483532107871
		0.682930875562658 0.317069124437342
		0.000075855610954 0.999924144389046
	EndClassProb
	CutPoint
		0.500000000000000 NaN NaN 
	CutVar
		3532 0 0 

Model 34
	NumNodes 3
	Children
		2 3
		0 0
		0 0
	EndChildren
	ClassProb
		0.377955409271921 0.622044590728079
		0.271511977929243 0.728488022070757
		1.000000000000000 0.000000000000000
	EndClassProb
	CutPoint
		2539.788911264099600 NaN NaN 
	CutVar
		25371 0 0 

Model 35
	NumNodes 3
	Children
		2 3
		0 0
		0 0
	EndChildren
	ClassProb
		0.595107482121147 0.404892517878853
		0.000000000000000 1.000000000000000
		0.713981405916814 0.286018594083186
	EndClassProb
	CutPoint
		213.123381431999830 NaN NaN 
	CutVar
		25371 0 0 

Model 36
	NumNodes 3
	Children
		2 3
		0 0
		0 0
	EndChildren
	ClassProb
		0.390694584917065 0.609305415082935
		0.271395977316231 0.728604022683769
		0.964685040353113 0.035314959646887
	EndClassProb
	CutPoint
		0.001258396655727 NaN NaN 
	CutVar
		19955 0 0 

Model 37
	NumNodes 3
	Children
		2 3
		0 0
		0 0
	EndChildren
	ClassProb
		0.594733630151737 0.405266369848263
		0.745481394509759 0.254518605490241
		0.053106628192868 0.946893371807132
	EndClassProb
	CutPoint
		0.500000000000000 NaN NaN 
	CutVar
		5357 0 0 

Model 38
	NumNodes 3
	Children
		2 3
		0 0
		0 0
	EndChildren
	ClassProb
		0.396850128326510 0.603149871673490
		0.640330488856074 0.359669511143926
		0.066425164281286 0.933574835718714
	EndClassProb
	CutPoint
		0.500000000000000 NaN NaN 
	CutVar
		5233 0 0 

Model 39
	NumNodes 3
	Children
		2 3
		0 0
		0 0
	EndChildren
	ClassProb
		0.300935443627978 0.699064556372022
		0.175594836707119 0.824405163292881
		0.846888240666154 0.153111759333846
	EndClassProb
	CutPoint
		0.500000000000000 NaN NaN 
	CutVar
		9041 0 0 

Model 40
	NumNodes 3
	Children
		2 3
		0 0
		0 0
	EndChildren
	ClassProb
		0.512019830898551 0.487980169101449
		0.881021313449264 0.118978686550736
		0.311397320115747 0.688602679884253
	EndClassProb
	CutPoint
		-0.087474050838235 NaN NaN 
	CutVar
		16451 0 0 

Model 41
	NumNodes 3
	Children
		2 3
		0 0
		0 0
	EndChildren
	ClassProb
		0.619120560090122 0.380879439909879
		0.003617455598127 0.996382544401873
		0.724952799823576 0.275047200176424
	EndClassProb
	CutPoint
		-0.001220864421918 NaN NaN 
	CutVar
		22103 0 0 

Model 42
	NumNodes 3
	Children
		2 3
		0 0
		0 0
	EndChildren
	ClassProb
		0.405553555759009 0.594446444240991
		0.277010641273342 0.722989358726658
		0.885324792588616 0.114675207411384
	EndClassProb
	CutPoint
		0.001258396655727 NaN NaN 
	CutVar
		19955 0 0 

Model 43
	NumNodes 3
	Children
		2 3
		0 0
		0 0
	EndChildren
	ClassProb
		0.573597481963946 0.426402518036054
		0.692106629923653 0.307893370076347
		0.000031398449235 0.999968601550765
	EndClassProb
	CutPoint
		0.500000000000000 NaN NaN 
	CutVar
		3532 0 0 

Model 44
	NumNodes 3
	Children
		2 3
		0 0
		0 0
	EndChildren
	ClassProb
		0.385062589777251 0.614937410222749
		0.254507888982578 0.745492111017422
		0.866576567274082 0.133423432725918
	EndClassProb
	CutPoint
		0.299265304625115 NaN NaN 
	CutVar
		22597 0 0 

Model 45
	NumNodes 3
	Children
		2 3
		0 0
		0 0
	EndChildren
	ClassProb
		0.557596497824319 0.442403502175681
		0.712754615954592 0.287245384045408
		0.064233680506754 0.935766319493246
	EndClassProb
	CutPoint
		0.500000000000000 NaN NaN 
	CutVar
		7021 0 0 

Model 46
	NumNodes 3
	Children
		2 3
		0 0
		0 0
	EndChildren
	ClassProb
		0.386737073735201 0.613262926264799
		0.282903144764488 0.717096855235512
		0.988269682429590 0.011730317570410
	EndClassProb
	CutPoint
		0.500000000000000 NaN NaN 
	CutVar
		1199 0 0 

Model 47
	NumNodes 3
	Children
		2 3
		0 0
		0 0
	EndChildren
	ClassProb
		0.592533930318314 0.407466069681686
		0.723130978045999 0.276869021954001
		0.030740271310247 0.969259728689753
	EndClassProb
	CutPoint
		0.500000000000000 NaN NaN 
	CutVar
		5357 0 0 

Model 48
	NumNodes 3
	Children
		2 3
		0 0
		0 0
	EndChildren
	ClassProb
		0.393797834654354 0.606202165345647
		0.244612359993713 0.755387640006287
		0.849545583000866 0.150454416999134
	EndClassProb
	CutPoint
		0.500000000000000 NaN NaN 
	CutVar
		7141 0 0 

Model 49
	NumNodes 3
	Children
		2 3
		0 0
		0 0
	EndChildren
	ClassProb
		0.550743791538995 0.449256208461005
		0.690909663909263 0.309090336090737
		0.063997805548990 0.936002194451010
	EndClassProb
	CutPoint
		0.010176941697072 NaN NaN 
	CutVar
		17918 0 0 

Model 50
	NumNodes 3
	Children
		2 3
		0 0
		0 0
	EndChildren
	ClassProb
		0.387816222057302 0.612183777942698
		0.613777208046899 0.386222791953101
		0.097140880359099 0.902859119640901
	EndClassProb
	CutPoint
		0.500000000000000 NaN NaN 
	CutVar
		8792 0 0 

Model 51
	NumNodes 3
	Children
		2 3
		0 0
		0 0
	EndChildren
	ClassProb
		0.315035499961498 0.684964500038502
		0.222081080881152 0.777918919118848
		0.983498031218251 0.016501968781749
	EndClassProb
	CutPoint
		0.090110045064970 NaN NaN 
	CutVar
		18963 0 0 

Model 52
	NumNodes 3
	Children
		2 3
		0 0
		0 0
	EndChildren
	ClassProb
		0.569646000808190 0.430353999191810
		0.000000000000000 1.000000000000000
		0.662568012334745 0.337431987665255
	EndClassProb
	CutPoint
		213.123381431999830 NaN NaN 
	CutVar
		25371 0 0 

Model 53
	NumNodes 3
	Children
		2 3
		0 0
		0 0
	EndChildren
	ClassProb
		0.401220613876888 0.598779386123112
		0.231907788233551 0.768092211766449
		0.776799649121640 0.223200350878360
	EndClassProb
	CutPoint
		0.500000000000000 NaN NaN 
	CutVar
		5482 0 0 

Model 54
	NumNodes 3
	Children
		2 3
		0 0
		0 0
	EndChildren
	ClassProb
		0.505278028617423 0.494721971382577
		0.356485659799578 0.643514340200422
		1.000000000000000 0.000000000000000
	EndClassProb
	CutPoint
		2539.788911264099600 NaN NaN 
	CutVar
		25371 0 0 

Model 55
	NumNodes 3
	Children
		2 3
		0 0
		0 0
	EndChildren
	ClassProb
		0.659254411632150 0.340745588367850
		0.781269514737533 0.218730485262467
		0.080963121849902 0.919036878150098
	EndClassProb
	CutPoint
		0.500000000000000 NaN NaN 
	CutVar
		7021 0 0 

Model 56
	NumNodes 3
	Children
		2 3
		0 0
		0 0
	EndChildren
	ClassProb
		0.436797992792626 0.563202007207374
		0.602328623960480 0.397671376039520
		0.043239752441012 0.956760247558988
	EndClassProb
	CutPoint
		0.500000000000000 NaN NaN 
	CutVar
		5357 0 0 

Model 57
	NumNodes 3
	Children
		2 3
		0 0
		0 0
	EndChildren
	ClassProb
		0.321609319958104 0.678390680041896
		0.228500477358213 0.771499522641787
		0.922022652622828 0.077977347377172
	EndClassProb
	CutPoint
		0.001258396655727 NaN NaN 
	CutVar
		19955 0 0 

Model 58
	NumNodes 3
	Children
		2 3
		0 0
		0 0
	EndChildren
	ClassProb
		0.553046433348310 0.446953566651690
		0.689607050464467 0.310392949535533
		0.000000000000000 1.000000000000000
	EndClassProb
	CutPoint
		0.542360332800000 NaN NaN 
	CutVar
		20075 0 0 

Model 59
	NumNodes 3
	Children
		2 3
		0 0
		0 0
	EndChildren
	ClassProb
		0.368170820917906 0.631829179082094
		0.157993679959912 0.842006320040088
		0.730052006010852 0.269947993989149
	EndClassProb
	CutPoint
		0.500000000000000 NaN NaN 
	CutVar
		3766 0 0 

Model 60
	NumNodes 3
	Children
		2 3
		0 0
		0 0
	EndChildren
	ClassProb
		0.418418985605690 0.581581014394311
		0.272177830433210 0.727822169566790
		0.916927512269766 0.083072487730234
	EndClassProb
	CutPoint
		0.500000000000000 NaN NaN 
	CutVar
		12502 0 0 

Model 61
	NumNodes 3
	Children
		2 3
		0 0
		0 0
	EndChildren
	ClassProb
		0.593834804834537 0.406165195165463
		0.714121468165098 0.285878531834902
		0.000000000000000 1.000000000000000
	EndClassProb
	CutPoint
		0.500000000000000 NaN NaN 
	CutVar
		238 0 0 

Model 62
	NumNodes 3
	Children
		2 3
		0 0
		0 0
	EndChildren
	ClassProb
		0.389514879611602 0.610485120388398
		0.285711302683632 0.714288697316368
		0.904441165008285 0.095558834991715
	EndClassProb
	CutPoint
		0.500000000000000 NaN NaN 
	CutVar
		9041 0 0 

Model 63
	NumNodes 3
	Children
		2 3
		0 0
		0 0
	EndChildren
	ClassProb
		0.570092159394332 0.429907840605668
		0.000000000000000 1.000000000000000
		0.669588617246613 0.330411382753387
	EndClassProb
	CutPoint
		213.123381431999830 NaN NaN 
	CutVar
		25371 0 0 

Model 64
	NumNodes 3
	Children
		2 3
		0 0
		0 0
	EndChildren
	ClassProb
		0.396621402598964 0.603378597401036
		0.297959113614391 0.702040886385609
		1.000000000000000 0.000000000000000
	EndClassProb
	CutPoint
		2539.788911264099600 NaN NaN 
	CutVar
		25371 0 0 

Model 65
	NumNodes 3
	Children
		2 3
		0 0
		0 0
	EndChildren
	ClassProb
		0.594457289556992 0.405542710443008
		0.730389993317797 0.269610006682203
		0.105109390159914 0.894890609840086
	EndClassProb
	CutPoint
		0.500000000000000 NaN NaN 
	CutVar
		3533 0 0 

Model 66
	NumNodes 3
	Children
		2 3
		0 0
		0 0
	EndChildren
	ClassProb
		0.421894766233208 0.578105233766791
		0.288052875656139 0.711947124343861
		0.908855138274143 0.091144861725857
	EndClassProb
	CutPoint
		0.500000000000000 NaN NaN 
	CutVar
		12322 0 0 

Model 67
	NumNodes 3
	Children
		2 3
		0 0
		0 0
	EndChildren
	ClassProb
		0.589863199610916 0.410136800389084
		0.722049397963770 0.277950602036230
		0.000000291325263 0.999999708674737
	EndClassProb
	CutPoint
		0.500000000000000 NaN NaN 
	CutVar
		3532 0 0 

Model 68
	NumNodes 3
	Children
		2 3
		0 0
		0 0
	EndChildren
	ClassProb
		0.381574179422827 0.618425820577173
		0.274331686558558 0.725668313441442
		0.978599993962527 0.021400006037473
	EndClassProb
	CutPoint
		0.500000000000000 NaN NaN 
	CutVar
		7205 0 0 

Model 69
	NumNodes 3
	Children
		2 3
		0 0
		0 0
	EndChildren
	ClassProb
		0.590591010891363 0.409408989108637
		0.000000000000000 1.000000000000000
		0.688225302091232 0.311774697908768
	EndClassProb
	CutPoint
		213.123381431999830 NaN NaN 
	CutVar
		25371 0 0 

Model 70
	NumNodes 3
	Children
		2 3
		0 0
		0 0
	EndChildren
	ClassProb
		0.403158639676675 0.596841360323324
		0.323691214473730 0.676308785526271
		1.000000000000000 0.000000000000000
	EndClassProb
	CutPoint
		2539.788911264099600 NaN NaN 
	CutVar
		25371 0 0 

Model 71
	NumNodes 3
	Children
		2 3
		0 0
		0 0
	EndChildren
	ClassProb
		0.582244581139880 0.417755418860120
		0.691310822173016 0.308689177826984
		0.013670604729680 0.986329395270320
	EndClassProb
	CutPoint
		0.500000000000000 NaN NaN 
	CutVar
		5357 0 0 

Model 72
	NumNodes 3
	Children
		2 3
		0 0
		0 0
	EndChildren
	ClassProb
		0.396773329419286 0.603226670580714
		0.261237640248038 0.738762359751962
		0.861919267570100 0.138080732429900
	EndClassProb
	CutPoint
		0.500000000000000 NaN NaN 
	CutVar
		9041 0 0 

Model 73
	NumNodes 3
	Children
		2 3
		0 0
		0 0
	EndChildren
	ClassProb
		0.560124292409478 0.439875707590522
		0.739041306676228 0.260958693323772
		0.084830689691646 0.915169310308354
	EndClassProb
	CutPoint
		0.500000000000000 NaN NaN 
	CutVar
		7021 0 0 

Model 74
	NumNodes 3
	Children
		2 3
		0 0
		0 0
	EndChildren
	ClassProb
		0.395543699855892 0.604456300144108
		0.296557697894929 0.703442302105071
		0.978267833418913 0.021732166581087
	EndClassProb
	CutPoint
		0.090110045064970 NaN NaN 
	CutVar
		18963 0 0 

Model 75
	NumNodes 3
	Children
		2 3
		0 0
		0 0
	EndChildren
	ClassProb
		0.589397865505686 0.410602134494314
		0.705991479331240 0.294008520668760
		0.040794605592775 0.959205394407225
	EndClassProb
	CutPoint
		0.500000000000000 NaN NaN 
	CutVar
		7390 0 0 

Model 76
	NumNodes 3
	Children
		2 3
		0 0
		0 0
	EndChildren
	ClassProb
		0.402293659911375 0.597706340088625
		0.232852599951776 0.767147400048224
		0.812256707149888 0.187743292850112
	EndClassProb
	CutPoint
		0.500000000000000 NaN NaN 
	CutVar
		5482 0 0 

Model 77
	NumNodes 3
	Children
		2 3
		0 0
		0 0
	EndChildren
	ClassProb
		0.527227036513808 0.472772963486192
		0.713393980170344 0.286606019829656
		0.142140742818703 0.857859257181297
	EndClassProb
	CutPoint
		0.500000000000000 NaN NaN 
	CutVar
		8792 0 0 

Model 78
	NumNodes 3
	Children
		2 3
		0 0
		0 0
	EndChildren
	ClassProb
		0.412883618793242 0.587116381206758
		0.273651512063475 0.726348487936525
		0.945062711684043 0.054937288315957
	EndClassProb
	CutPoint
		0.500000000000000 NaN NaN 
	CutVar
		5105 0 0 

Model 79
	NumNodes 3
	Children
		2 3
		0 0
		0 0
	EndChildren
	ClassProb
		0.602027608430403 0.397972391569598
		0.699781252245849 0.300218747754151
		0.000000000000000 1.000000000000000
	EndClassProb
	CutPoint
		0.001890699977649 NaN NaN 
	CutVar
		23218 0 0 

Model 80
	NumNodes 3
	Children
		2 3
		0 0
		0 0
	EndChildren
	ClassProb
		0.405832495364591 0.594167504635410
		0.622626889663335 0.377373110336665
		0.110653998779084 0.889346001220916
	EndClassProb
	CutPoint
		0.500000000000000 NaN NaN 
	CutVar
		5233 0 0 

Model 81
	NumNodes 3
	Children
		2 3
		0 0
		0 0
	EndChildren
	ClassProb
		0.332610966173293 0.667389033826707
		0.240890227598790 0.759109772401210
		1.000000000000000 0.000000000000000
	EndClassProb
	CutPoint
		0.101600702854705 NaN NaN 
	CutVar
		21221 0 0 

Model 82
	NumNodes 3
	Children
		2 3
		0 0
		0 0
	EndChildren
	ClassProb
		0.576645711185013 0.423354288814987
		0.000000000000000 1.000000000000000
		0.681846778299564 0.318153221700436
	EndClassProb
	CutPoint
		213.123381431999830 NaN NaN 
	CutVar
		25371 0 0 

Model 83
	NumNodes 3
	Children
		2 3
		0 0
		0 0
	EndChildren
	ClassProb
		0.394458050860903 0.605541949139097
		0.536865587442593 0.463134412557407
		0.004694961159497 0.995305038840503
	EndClassProb
	CutPoint
		0.500000000000000 NaN NaN 
	CutVar
		5357 0 0 

Model 84
	NumNodes 3
	Children
		2 3
		0 0
		0 0
	EndChildren
	ClassProb
		0.299931648525964 0.700068351474036
		1.000000000000000 0.000000000000000
		0.228365660480357 0.771634339519643
	EndClassProb
	CutPoint
		-1.155406036300433 NaN NaN 
	CutVar
		19088 0 0 

Model 85
	NumNodes 3
	Children
		2 3
		0 0
		0 0
	EndChildren
	ClassProb
		0.558491617815571 0.441508382184429
		0.679277952974263 0.320722047025737
		0.087758939016266 0.912241060983734
	EndClassProb
	CutPoint
		0.010176941697072 NaN NaN 
	CutVar
		17918 0 0 

Model 86
	NumNodes 3
	Children
		2 3
		0 0
		0 0
	EndChildren
	ClassProb
		0.404662404231462 0.595337595768538
		0.269746919008580 0.730253080991420
		0.845945839425285 0.154054160574715
	EndClassProb
	CutPoint
		0.500000000000000 NaN NaN 
	CutVar
		8665 0 0 

Model 87
	NumNodes 3
	Children
		2 3
		0 0
		0 0
	EndChildren
	ClassProb
		0.556444854990523 0.443555145009477
		0.663708171049457 0.336291828950543
		0.000011192030887 0.999988807969113
	EndClassProb
	CutPoint
		0.500000000000000 NaN NaN 
	CutVar
		3943 0 0 

Model 88
	NumNodes 3
	Children
		2 3
		0 0
		0 0
	EndChildren
	ClassProb
		0.387468074931061 0.612531925068939
		0.218939283956416 0.781060716043584
		0.742970297925147 0.257029702074853
	EndClassProb
	CutPoint
		0.500000000000000 NaN NaN 
	CutVar
		3766 0 0 

Model 89
	NumNodes 3
	Children
		2 3
		0 0
		0 0
	EndChildren
	ClassProb
		0.476622332333124 0.523377667666876
		0.601964292568387 0.398035707431613
		0.000000000000000 1.000000000000000
	EndClassProb
	CutPoint
		0.002975696656792 NaN NaN 
	CutVar
		18043 0 0 

Model 90
	NumNodes 3
	Children
		2 3
		0 0
		0 0
	EndChildren
	ClassProb
		0.347978801425655 0.652021198574345
		0.257321336349628 0.742678663650372
		0.997886521991888 0.002113478008112
	EndClassProb
	CutPoint
		0.500000000000000 NaN NaN 
	CutVar
		1779 0 0 

Model 91
	NumNodes 3
	Children
		2 3
		0 0
		0 0
	EndChildren
	ClassProb
		0.578349274346787 0.421650725653213
		0.669803389084754 0.330196610915246
		0.000000000000000 1.000000000000000
	EndClassProb
	CutPoint
		0.500000000000000 NaN NaN 
	CutVar
		12504 0 0 

Model 92
	NumNodes 3
	Children
		2 3
		0 0
		0 0
	EndChildren
	ClassProb
		0.404503403313342 0.595496596686658
		0.306126184506684 0.693873815493316
		1.000000000000000 0.000000000000000
	EndClassProb
	CutPoint
		0.065071730572354 NaN NaN 
	CutVar
		21726 0 0 

Model 93
	NumNodes 3
	Children
		2 3
		0 0
		0 0
	EndChildren
	ClassProb
		0.596150993609962 0.403849006390038
		0.000000000000000 1.000000000000000
		0.690605201754016 0.309394798245984
	EndClassProb
	CutPoint
		213.123381431999830 NaN NaN 
	CutVar
		25371 0 0 

Model 94
	NumNodes 3
	Children
		2 3
		0 0
		0 0
	EndChildren
	ClassProb
		0.406695155520573 0.593304844479427
		0.532946599080125 0.467053400919875
		0.000000000000000 1.000000000000000
	EndClassProb
	CutPoint
		0.368605308807320 NaN NaN 
	CutVar
		13042 0 0 

Model 95
	NumNodes 3
	Children
		2 3
		0 0
		0 0
	EndChildren
	ClassProb
		0.315959052369437 0.684040947630563
		0.244014174939938 0.755985825060062
		1.000000000000000 0.000000000000000
	EndClassProb
	CutPoint
		2539.788911264099600 NaN NaN 
	CutVar
		25371 0 0 

Model 96
	NumNodes 3
	Children
		2 3
		0 0
		0 0
	EndChildren
	ClassProb
		0.561066478197959 0.438933521802041
		0.697591512422885 0.302408487577115
		0.124620143320224 0.875379856679776
	EndClassProb
	CutPoint
		0.500000000000000 NaN NaN 
	CutVar
		3533 0 0 

Model 97
	NumNodes 3
	Children
		2 3
		0 0
		0 0
	EndChildren
	ClassProb
		0.416151399302637 0.583848600697363
		0.232232869768359 0.767767130231641
		0.799232482127148 0.200767517872852
	EndClassProb
	CutPoint
		0.500000000000000 NaN NaN 
	CutVar
		5482 0 0 

Model 98
	NumNodes 3
	Children
		2 3
		0 0
		0 0
	EndChildren
	ClassProb
		0.519961068318801 0.480038931681199
		0.348550367056119 0.651449632943881
		0.976302547427512 0.023697452572488
	EndClassProb
	CutPoint
		0.669426557456355 NaN NaN 
	CutVar
		18963 0 0 

Model 99
	NumNodes 3
	Children
		2 3
		0 0
		0 0
	EndChildren
	ClassProb
		0.667636341104378 0.332363658895622
		0.801241590964413 0.198758409035587
		0.117452966991135 0.882547033008865
	EndClassProb
	CutPoint
		0.500000000000000 NaN NaN 
	CutVar
		7021 0 0 

Model 100
	NumNodes 3
	Children
		2 3
		0 0
		0 0
	EndChildren
	ClassProb
		0.457229999588745 0.542770000411255
		0.323194586611501 0.676805413388499
		0.896413174521519 0.103586825478481
	EndClassProb
	CutPoint
		0.500000000000000 NaN NaN 
	CutVar
		7141 0 0 

TrainedWeights
1.325508372990707 1.081054058894607 0.877928486868550 0.826242354489184 0.824345499914593 0.765711025149390 0.758036497525030 0.818888851128555 0.652561691731814 0.832941395610760 0.732288811027852 0.718911898740927 0.632570503680726 0.807910234912075 0.557477155038489 0.699688258840645 0.647904030254643 0.822407404103822 0.425101355072556 0.636707868422908 0.691774651658478 0.631823508050111 0.371701570179292 0.638184024718727 0.624183456291287 0.530244639036703 0.595920583209433 0.545684150976425 0.591387834353334 0.633543528733706 0.454638417207582 0.680754737573507 0.523561378006536 0.598975691039936 0.580741026646099 0.601978510859734 0.660457665727285 0.589422109291948 0.787879651186364 0.566447703399123 0.589522888425643 0.568946205241550 0.535597503563384 0.607888468112532 0.593237390060599 0.568191741273508 0.602900618164137 0.628787515856697 0.537924947011326 0.523537508789851 0.702626664366843 0.447427951923330 0.606410893952552 0.487061136080645 0.709790953217117 0.441071118600617 0.667625879445967 0.552171975020332 0.695882090283832 0.606175761845702 0.582596048312729 0.539198080789686 0.468975472901274 0.533208636576023 0.593353396151946 0.561107961660362 0.612476522710680 0.587876986546254 0.503556710261258 0.458285847476547 0.519855093049793 0.594468940183441 0.654093848442099 0.531720696911904 0.550304021458938 0.633822007490025 0.577640194191792 0.608978350085729 0.527462009115446 0.511531546471140 0.657101879874874 0.499683585055860 0.330628823794553 0.670986879443949 0.489345215643899 0.569081600250741 0.467419866718032 0.600804261724081 0.388061473200446 0.615290765361396 0.459621950411089 0.515929887089666 0.504747194401881 0.295486552074036 0.630528218124973 0.522865046943137 0.626948132276743 0.523380031973538 0.748504101939628 0.492643937331012 