Model 1
	NumNodes 3
	Children
		2 3
		0 0
		0 0
	EndChildren
	ClassProb
		0.467336683417086 0.532663316582914
		0.271366620940290 0.728633379059710
		0.857930853725369 0.142069146274631
	EndClassProb
	CutPoint
		0.065071730572354 NaN NaN 
	CutVar
		20583 0 0 

Model 2
	NumNodes 3
	Children
		2 3
		0 0
		0 0
	EndChildren
	ClassProb
		0.581670667727552 0.418329332272448
		0.804846811870547 0.195153188129453
		0.178580420076906 0.821419579923094
	EndClassProb
	CutPoint
		0.500000000000000 NaN NaN 
	CutVar
		3533 0 0 

Model 3
	NumNodes 3
	Children
		2 3
		0 0
		0 0
	EndChildren
	ClassProb
		0.487612639595715 0.512387360404285
		0.355820228255425 0.644179771744575
		1.000000000000000 0.000000000000000
	EndClassProb
	CutPoint
		0.089298681213060 NaN NaN 
	CutVar
		20582 0 0 

Model 4
	NumNodes 3
	Children
		2 3
		0 0
		0 0
	EndChildren
	ClassProb
		0.642675101919921 0.357324898080079
		0.000000000000000 1.000000000000000
		0.737454931096179 0.262545068903821
	EndClassProb
	CutPoint
		245.652181328527460 NaN NaN 
	CutVar
		25371 0 0 

Model 5
	NumNodes 3
	Children
		2 3
		0 0
		0 0
	EndChildren
	ClassProb
		0.416673227719978 0.583326772280022
		0.296133484710949 0.703866515289052
		0.903004233203672 0.096995766796328
	EndClassProb
	CutPoint
		1.109939299542852 NaN NaN 
	CutVar
		16096 0 0 

Model 6
	NumNodes 3
	Children
		2 3
		0 0
		0 0
	EndChildren
	ClassProb
		0.583087670829174 0.416912329170826
		0.762842148551358 0.237157851448642
		0.267657012964465 0.732342987035535
	EndClassProb
	CutPoint
		0.806906408898732 NaN NaN 
	CutVar
		18900 0 0 

Model 7
	NumNodes 3
	Children
		2 3
		0 0
		0 0
	EndChildren
	ClassProb
		0.518895919006452 0.481104080993548
		0.360057943724668 0.639942056275332
		0.860175227840518 0.139824772159482
	EndClassProb
	CutPoint
		1.131869035505466 NaN NaN 
	CutVar
		18043 0 0 

Model 8
	NumNodes 3
	Children
		2 3
		0 0
		0 0
	EndChildren
	ClassProb
		0.615882582217741 0.384117417782260
		0.199310552740859 0.800689447259141
		0.754393002085072 0.245606997914928
	EndClassProb
	CutPoint
		441.232961332000060 NaN NaN 
	CutVar
		25371 0 0 

Model 9
	NumNodes 3
	Children
		2 3
		0 0
		0 0
	EndChildren
	ClassProb
		0.475819780884119 0.524180219115881
		0.350953314590546 0.649046685409454
		0.958322106966237 0.041677893033764
	EndClassProb
	CutPoint
		0.500000000000000 NaN NaN 
	CutVar
		11680 0 0 

Model 10
	NumNodes 3
	Children
		2 3
		0 0
		0 0
	EndChildren
	ClassProb
		0.623324563422894 0.376675436577106
		0.693603086364081 0.306396913635919
		0.000000000000000 1.000000000000000
	EndClassProb
	CutPoint
		0.500000000000000 NaN NaN 
	CutVar
		238 0 0 

Model 11
	NumNodes 3
	Children
		2 3
		0 0
		0 0
	EndChildren
	ClassProb
		0.430087589328634 0.569912410671366
		0.361451573293047 0.638548426706953
		1.000000000000000 0.000000000000000
	EndClassProb
	CutPoint
		0.500000000000000 NaN NaN 
	CutVar
		830 0 0 

Model 12
	NumNodes 3
	Children
		2 3
		0 0
		0 0
	EndChildren
	ClassProb
		0.579338330039838 0.420661669960162
		0.696370897711251 0.303629102288749
		0.204365188644719 0.795634811355281
	EndClassProb
	CutPoint
		0.470178368072280 NaN NaN 
	CutVar
		20718 0 0 

Model 13
	NumNodes 3
	Children
		2 3
		0 0
		0 0
	EndChildren
	ClassProb
		0.455370602460235 0.544629397539765
		0.352007246231102 0.647992753768898
		0.867377139727878 0.132622860272122
	EndClassProb
	CutPoint
		0.860040865843737 NaN NaN 
	CutVar
		20583 0 0 

Model 14
	NumNodes 3
	Children
		2 3
		0 0
		0 0
	EndChildren
	ClassProb
		0.582517470354072 0.417482529645928
		0.422087312661907 0.577912687338093
		0.844750441376198 0.155249558623802
	EndClassProb
	CutPoint
		1205.128336331999900 NaN NaN 
	CutVar
		25371 0 0 

Model 15
	NumNodes 3
	Children
		2 3
		0 0
		0 0
	EndChildren
	ClassProb
		0.644200622869900 0.355799377130100
		0.709531990913915 0.290468009086085
		0.084383075527949 0.915616924472051
	EndClassProb
	CutPoint
		0.000133858416340 NaN NaN 
	CutVar
		16218 0 0 

Model 16
	NumNodes 3
	Children
		2 3
		0 0
		0 0
	EndChildren
	ClassProb
		0.450952343380162 0.549047656619838
		0.307824335415993 0.692175664584007
		0.832900655423141 0.167099344576859
	EndClassProb
	CutPoint
		0.883633258858334 NaN NaN 
	CutVar
		18043 0 0 

Model 17
	NumNodes 3
	Children
		2 3
		0 0
		0 0
	EndChildren
	ClassProb
		0.570873259859964 0.429126740140036
		0.462417721195121 0.537582278804879
		0.970173745107143 0.029826254892857
	EndClassProb
	CutPoint
		1.109939299542852 NaN NaN 
	CutVar
		16096 0 0 

Model 18
	NumNodes 3
	Children
		2 3
		0 0
		0 0
	EndChildren
	ClassProb
		0.655861470914687 0.344138529085313
		0.729966130466378 0.270033869533622
		0.174713374932966 0.825286625067034
	EndClassProb
	CutPoint
		0.500000000000000 NaN NaN 
	CutVar
		3532 0 0 

Model 19
	NumNodes 3
	Children
		2 3
		0 0
		0 0
	EndChildren
	ClassProb
		0.471157535371947 0.528842464628053
		0.384951203335700 0.615048796664300
		1.000000000000000 0.000000000000000
	EndClassProb
	CutPoint
		0.500000000000000 NaN NaN 
	CutVar
		11205 0 0 

Model 20
	NumNodes 3
	Children
		2 3
		0 0
		0 0
	EndChildren
	ClassProb
		0.604754026927261 0.395245973072739
		0.354295793888902 0.645704206111098
		0.743655996809275 0.256344003190725
	EndClassProb
	CutPoint
		0.277133122832489 NaN NaN 
	CutVar
		17918 0 0 

Model 21
	NumNodes 3
	Children
		2 3
		0 0
		0 0
	EndChildren
	ClassProb
		0.554441594838269 0.445558405161731
		0.754533945886429 0.245466054113571
		0.260296123870220 0.739703876129780
	EndClassProb
	CutPoint
		0.806906408898732 NaN NaN 
	CutVar
		18900 0 0 

Model 22
	NumNodes 3
	Children
		2 3
		0 0
		0 0
	EndChildren
	ClassProb
		0.509491579492765 0.490508420507235
		0.998890777637916 0.001109222362084
		0.406381476128322 0.593618523871677
	EndClassProb
	CutPoint
		-0.003840485060285 NaN NaN 
	CutVar
		24020 0 0 

Model 23
	NumNodes 3
	Children
		2 3
		0 0
		0 0
	EndChildren
	ClassProb
		0.630579907734479 0.369420092265521
		0.000000000000000 1.000000000000000
		0.687765391225997 0.312234608774003
	EndClassProb
	CutPoint
		245.652181328527460 NaN NaN 
	CutVar
		25371 0 0 

Model 24
	NumNodes 3
	Children
		2 3
		0 0
		0 0
	EndChildren
	ClassProb
		0.441751661455528 0.558248338544472
		0.348279097194644 0.651720902805356
		1.000000000000000 0.000000000000000
	EndClassProb
	CutPoint
		0.089298681213060 NaN NaN 
	CutVar
		20582 0 0 

Model 25
	NumNodes 3
	Children
		2 3
		0 0
		0 0
	EndChildren
	ClassProb
		0.602201675724282 0.397798324275718
		0.039624180103251 0.960375819896749
		0.672393961779958 0.327606038220042
	EndClassProb
	CutPoint
		-0.990463188078087 NaN NaN 
	CutVar
		14177 0 0 

Model 26
	NumNodes 3
	Children
		2 3
		0 0
		0 0
	EndChildren
	ClassProb
		0.431806972270606 0.568193027729394
		0.342356754625162 0.657643245374838
		0.904703100966487 0.095296899033513
	EndClassProb
	CutPoint
		1.109939299542852 NaN NaN 
	CutVar
		16096 0 0 

Model 27
	NumNodes 3
	Children
		2 3
		0 0
		0 0
	EndChildren
	ClassProb
		0.578232871216829 0.421767128783171
		0.646622480917240 0.353377519082760
		0.000000000000000 1.000000000000000
	EndClassProb
	CutPoint
		0.500000000000000 NaN NaN 
	CutVar
		238 0 0 

Model 28
	NumNodes 3
	Children
		2 3
		0 0
		0 0
	EndChildren
	ClassProb
		0.422686561401308 0.577313438598692
		0.345247414165910 0.654752585834090
		0.999049721759790 0.000950278240210
	EndClassProb
	CutPoint
		0.500000000000000 NaN NaN 
	CutVar
		7454 0 0 

Model 29
	NumNodes 3
	Children
		2 3
		0 0
		0 0
	EndChildren
	ClassProb
		0.584880712095921 0.415119287904079
		0.645154655944211 0.354845344055789
		0.000000000000000 1.000000000000000
	EndClassProb
	CutPoint
		0.500000000000000 NaN NaN 
	CutVar
		11513 0 0 

Model 30
	NumNodes 3
	Children
		2 3
		0 0
		0 0
	EndChildren
	ClassProb
		0.431133194808167 0.568866805191834
		0.365427996086920 0.634572003913080
		1.000000000000000 0.000000000000000
	EndClassProb
	CutPoint
		0.500000000000000 NaN NaN 
	CutVar
		11333 0 0 

Model 31
	NumNodes 3
	Children
		2 3
		0 0
		0 0
	EndChildren
	ClassProb
		0.576993681679505 0.423006318320495
		0.498203247771318 0.501796752228682
		1.000000000000000 0.000000000000000
	EndClassProb
	CutPoint
		0.089298681213060 NaN NaN 
	CutVar
		20582 0 0 

Model 32
	NumNodes 3
	Children
		2 3
		0 0
		0 0
	EndChildren
	ClassProb
		0.635353807032186 0.364646192967814
		0.702297077163411 0.297702922836589
		0.117533897215340 0.882466102784660
	EndClassProb
	CutPoint
		0.000133858416340 NaN NaN 
	CutVar
		16218 0 0 

Model 33
	NumNodes 3
	Children
		2 3
		0 0
		0 0
	EndChildren
	ClassProb
		0.454408597376955 0.545591402623045
		0.257115847436660 0.742884152563340
		0.646505791592664 0.353494208407337
	EndClassProb
	CutPoint
		0.500000000000000 NaN NaN 
	CutVar
		2566 0 0 

Model 34
	NumNodes 3
	Children
		2 3
		0 0
		0 0
	EndChildren
	ClassProb
		0.443275249979557 0.556724750020443
		0.366212382432421 0.633787617567579
		0.982273887869294 0.017726112130706
	EndClassProb
	CutPoint
		0.500000000000000 NaN NaN 
	CutVar
		6216 0 0 

Model 35
	NumNodes 3
	Children
		2 3
		0 0
		0 0
	EndChildren
	ClassProb
		0.587260246565384 0.412739753434616
		0.074034867770423 0.925965132229577
		0.671575486067277 0.328424513932723
	EndClassProb
	CutPoint
		-0.958275494574823 NaN NaN 
	CutVar
		15134 0 0 

Model 36
	NumNodes 3
	Children
		2 3
		0 0
		0 0
	EndChildren
	ClassProb
		0.425514617332942 0.574485382667058
		0.357035159133692 0.642964840866308
		1.000000000000000 0.000000000000000
	EndClassProb
	CutPoint
		0.089298681213060 NaN NaN 
	CutVar
		20582 0 0 

Model 37
	NumNodes 3
	Children
		2 3
		0 0
		0 0
	EndChildren
	ClassProb
		0.578199077959536 0.421800922040465
		0.670613893383643 0.329386106616357
		0.213920450641811 0.786079549358189
	EndClassProb
	CutPoint
		0.500000000000000 NaN NaN 
	CutVar
		12628 0 0 

Model 38
	NumNodes 3
	Children
		2 3
		0 0
		0 0
	EndChildren
	ClassProb
		0.456121568665591 0.543878431334409
		0.390377858436443 0.609622141563557
		1.000000000000000 0.000000000000000
	EndClassProb
	CutPoint
		0.500000000000000 NaN NaN 
	CutVar
		11333 0 0 

Model 39
	NumNodes 3
	Children
		2 3
		0 0
		0 0
	EndChildren
	ClassProb
		0.582737277878362 0.417262722121638
		0.651801870056679 0.348198129943321
		0.074504228165014 0.925495771834986
	EndClassProb
	CutPoint
		0.500000000000000 NaN NaN 
	CutVar
		9911 0 0 

Model 40
	NumNodes 3
	Children
		2 3
		0 0
		0 0
	EndChildren
	ClassProb
		0.433255646851052 0.566744353148948
		0.356423049197564 0.643576950802436
		0.989906449777671 0.010093550222329
	EndClassProb
	CutPoint
		0.500000000000000 NaN NaN 
	CutVar
		11335 0 0 

Model 41
	NumNodes 3
	Children
		2 3
		0 0
		0 0
	EndChildren
	ClassProb
		0.585615112881061 0.414384887118939
		0.710137229890006 0.289862770109994
		0.331659474243827 0.668340525756173
	EndClassProb
	CutPoint
		0.806906408898732 NaN NaN 
	CutVar
		18900 0 0 

Model 42
	NumNodes 3
	Children
		2 3
		0 0
		0 0
	EndChildren
	ClassProb
		0.521820449008282 0.478179550991718
		0.251834834790584 0.748165165209416
		0.715938038401377 0.284061961598623
	EndClassProb
	CutPoint
		0.277133122832489 NaN NaN 
	CutVar
		17918 0 0 

Model 43
	NumNodes 3
	Children
		2 3
		0 0
		0 0
	EndChildren
	ClassProb
		0.480134839890745 0.519865160109255
		0.391608384204361 0.608391615795639
		0.948121381280325 0.051878618719675
	EndClassProb
	CutPoint
		0.500000000000000 NaN NaN 
	CutVar
		11680 0 0 

Model 44
	NumNodes 3
	Children
		2 3
		0 0
		0 0
	EndChildren
	ClassProb
		0.601615009561160 0.398384990438840
		0.000000000000000 1.000000000000000
		0.663904679496904 0.336095320503096
	EndClassProb
	CutPoint
		-1.153144757771236 NaN NaN 
	CutVar
		14405 0 0 

Model 45
	NumNodes 3
	Children
		2 3
		0 0
		0 0
	EndChildren
	ClassProb
		0.432543819372415 0.567456180627585
		0.361150619725755 0.638849380274246
		1.000000000000000 0.000000000000000
	EndClassProb
	CutPoint
		0.113019664081815 NaN NaN 
	CutVar
		13705 0 0 

Model 46
	NumNodes 3
	Children
		2 3
		0 0
		0 0
	EndChildren
	ClassProb
		0.582266867444107 0.417733132555893
		0.641460167477875 0.358539832522125
		0.000000000000000 1.000000000000000
	EndClassProb
	CutPoint
		0.500000000000000 NaN NaN 
	CutVar
		8230 0 0 

Model 47
	NumNodes 3
	Children
		2 3
		0 0
		0 0
	EndChildren
	ClassProb
		0.431599168612255 0.568400831387745
		0.286628278360299 0.713371721639701
		0.740700652382788 0.259299347617212
	EndClassProb
	CutPoint
		0.408132733633355 NaN NaN 
	CutVar
		20583 0 0 

Model 48
	NumNodes 3
	Children
		2 3
		0 0
		0 0
	EndChildren
	ClassProb
		0.514799109595713 0.485200890404287
		0.058608001926312 0.941391998073688
		0.606343230150081 0.393656769849919
	EndClassProb
	CutPoint
		-0.958275494574823 NaN NaN 
	CutVar
		15134 0 0 

Model 49
	NumNodes 3
	Children
		2 3
		0 0
		0 0
	EndChildren
	ClassProb
		0.395731350874617 0.604268649125383
		0.327506762006294 0.672493237993706
		1.000000000000000 0.000000000000000
	EndClassProb
	CutPoint
		0.089298681213060 NaN NaN 
	CutVar
		20582 0 0 

Model 50
	NumNodes 3
	Children
		2 3
		0 0
		0 0
	EndChildren
	ClassProb
		0.571877221149807 0.428122778850194
		0.997963265402770 0.002036734597230
		0.489326766672716 0.510673233327284
	EndClassProb
	CutPoint
		-0.003840485060285 NaN NaN 
	CutVar
		24020 0 0 

Model 51
	NumNodes 3
	Children
		2 3
		0 0
		0 0
	EndChildren
	ClassProb
		0.636913318258123 0.363086681741877
		0.686819851822382 0.313180148177618
		0.000000000000000 1.000000000000000
	EndClassProb
	CutPoint
		0.500000000000000 NaN NaN 
	CutVar
		238 0 0 

Model 52
	NumNodes 3
	Children
		2 3
		0 0
		0 0
	EndChildren
	ClassProb
		0.448798188027385 0.551201811972615
		0.146372530959838 0.853627469040162
		0.573891120216669 0.426108879783331
	EndClassProb
	CutPoint
		-0.350797489291662 NaN NaN 
	CutVar
		22351 0 0 

Model 53
	NumNodes 3
	Children
		2 3
		0 0
		0 0
	EndChildren
	ClassProb
		0.371754056279301 0.628245943720699
		0.313160950267791 0.686839049732209
		0.998452450237519 0.001547549762481
	EndClassProb
	CutPoint
		0.500000000000000 NaN NaN 
	CutVar
		7454 0 0 

Model 54
	NumNodes 3
	Children
		2 3
		0 0
		0 0
	EndChildren
	ClassProb
		0.559594459821362 0.440405540178638
		0.622309496635808 0.377690503364192
		0.031074159260642 0.968925840739358
	EndClassProb
	CutPoint
		0.500000000000000 NaN NaN 
	CutVar
		9911 0 0 

Model 55
	NumNodes 3
	Children
		2 3
		0 0
		0 0
	EndChildren
	ClassProb
		0.426862691506353 0.573137308493647
		0.909238054845253 0.090761945154747
		0.354690038697996 0.645309961302004
	EndClassProb
	CutPoint
		-0.121116134356358 NaN NaN 
	CutVar
		18900 0 0 

Model 56
	NumNodes 3
	Children
		2 3
		0 0
		0 0
	EndChildren
	ClassProb
		0.568617005163230 0.431382994836770
		0.660721706567369 0.339278293432631
		0.163652886138254 0.836347113861746
	EndClassProb
	CutPoint
		0.500000000000000 NaN NaN 
	CutVar
		180 0 0 

Model 57
	NumNodes 3
	Children
		2 3
		0 0
		0 0
	EndChildren
	ClassProb
		0.437661045494413 0.562338954505587
		0.371469579787887 0.628530420212113
		0.989898966710121 0.010101033289879
	EndClassProb
	CutPoint
		0.500000000000000 NaN NaN 
	CutVar
		12202 0 0 

Model 58
	NumNodes 3
	Children
		2 3
		0 0
		0 0
	EndChildren
	ClassProb
		0.577773991491268 0.422226008508732
		0.000000000000000 1.000000000000000
		0.645871006408649 0.354128993591351
	EndClassProb
	CutPoint
		245.652181328527460 NaN NaN 
	CutVar
		25371 0 0 

Model 59
	NumNodes 3
	Children
		2 3
		0 0
		0 0
	EndChildren
	ClassProb
		0.422838776580093 0.577161223419907
		0.329515766342307 0.670484233657693
		0.835874436551951 0.164125563448049
	EndClassProb
	CutPoint
		0.860040865843737 NaN NaN 
	CutVar
		20583 0 0 

Model 60
	NumNodes 3
	Children
		2 3
		0 0
		0 0
	EndChildren
	ClassProb
		0.559309198539055 0.440690801460945
		0.643098261504570 0.356901738495430
		0.123291747745500 0.876708252254500
	EndClassProb
	CutPoint
		0.500000000000000 NaN NaN 
	CutVar
		5979 0 0 

Model 61
	NumNodes 3
	Children
		2 3
		0 0
		0 0
	EndChildren
	ClassProb
		0.427330212956377 0.572669787043623
		0.363625808664411 0.636374191335589
		1.000000000000000 0.000000000000000
	EndClassProb
	CutPoint
		0.500000000000000 NaN NaN 
	CutVar
		893 0 0 

Model 62
	NumNodes 3
	Children
		2 3
		0 0
		0 0
	EndChildren
	ClassProb
		0.574397275129092 0.425602724870908
		0.407425602571823 0.592574397428178
		0.751433411825905 0.248566588174095
	EndClassProb
	CutPoint
		0.500000000000000 NaN NaN 
	CutVar
		11393 0 0 

Model 63
	NumNodes 3
	Children
		2 3
		0 0
		0 0
	EndChildren
	ClassProb
		0.589690787615011 0.410309212384989
		0.184114424599711 0.815885575400289
		0.688864424053692 0.311135575946308
	EndClassProb
	CutPoint
		-0.380112777538191 NaN NaN 
	CutVar
		15134 0 0 

Model 64
	NumNodes 3
	Children
		2 3
		0 0
		0 0
	EndChildren
	ClassProb
		0.450916473307269 0.549083526692731
		0.380064668492557 0.619935331507443
		0.965612594440722 0.034387405559278
	EndClassProb
	CutPoint
		0.500000000000000 NaN NaN 
	CutVar
		11680 0 0 

Model 65
	NumNodes 3
	Children
		2 3
		0 0
		0 0
	EndChildren
	ClassProb
		0.582128497597388 0.417871502402612
		0.649286310494272 0.350713689505728
		0.059948531221687 0.940051468778313
	EndClassProb
	CutPoint
		0.500000000000000 NaN NaN 
	CutVar
		11399 0 0 

Model 66
	NumNodes 3
	Children
		2 3
		0 0
		0 0
	EndChildren
	ClassProb
		0.432267682846434 0.567732317153566
		0.375953680487630 0.624046319512370
		1.000000000000000 0.000000000000000
	EndClassProb
	CutPoint
		0.500000000000000 NaN NaN 
	CutVar
		830 0 0 

Model 67
	NumNodes 3
	Children
		2 3
		0 0
		0 0
	EndChildren
	ClassProb
		0.568574379229224 0.431425620770776
		0.622174811700071 0.377825188299929
		0.006939270487114 0.993060729512886
	EndClassProb
	CutPoint
		0.500000000000000 NaN NaN 
	CutVar
		7020 0 0 

Model 68
	NumNodes 3
	Children
		2 3
		0 0
		0 0
	EndChildren
	ClassProb
		0.434779416663907 0.565220583336092
		0.378009769140682 0.621990230859318
		1.000000000000000 0.000000000000000
	EndClassProb
	CutPoint
		0.500000000000000 NaN NaN 
	CutVar
		1610 0 0 

Model 69
	NumNodes 3
	Children
		2 3
		0 0
		0 0
	EndChildren
	ClassProb
		0.569514195386942 0.430485804613058
		0.628295777865115 0.371704222134885
		0.000000000000000 1.000000000000000
	EndClassProb
	CutPoint
		0.500000000000000 NaN NaN 
	CutVar
		238 0 0 

Model 70
	NumNodes 3
	Children
		2 3
		0 0
		0 0
	EndChildren
	ClassProb
		0.429451650875444 0.570548349124556
		0.366700558663803 0.633299441336197
		0.949846296872658 0.050153703127342
	EndClassProb
	CutPoint
		0.500000000000000 NaN NaN 
	CutVar
		12074 0 0 

Model 71
	NumNodes 3
	Children
		2 3
		0 0
		0 0
	EndChildren
	ClassProb
		0.568465979062418 0.431534020937582
		0.637497774499564 0.362502225500436
		0.089128387437286 0.910871612562714
	EndClassProb
	CutPoint
		0.500000000000000 NaN NaN 
	CutVar
		1606 0 0 

Model 72
	NumNodes 3
	Children
		2 3
		0 0
		0 0
	EndChildren
	ClassProb
		0.431771127839082 0.568228872160919
		0.239704062224943 0.760295937775057
		0.636750799383934 0.363249200616066
	EndClassProb
	CutPoint
		0.500000000000000 NaN NaN 
	CutVar
		7898 0 0 

Model 73
	NumNodes 3
	Children
		2 3
		0 0
		0 0
	EndChildren
	ClassProb
		0.426464346690656 0.573535653309344
		0.308672165826901 0.691327834173099
		0.762409349673417 0.237590650326583
	EndClassProb
	CutPoint
		1205.128336331999900 NaN NaN 
	CutVar
		25371 0 0 

Model 74
	NumNodes 3
	Children
		2 3
		0 0
		0 0
	EndChildren
	ClassProb
		0.533162884491490 0.466837115508510
		0.467077587695276 0.532922412304724
		1.000000000000000 0.000000000000000
	EndClassProb
	CutPoint
		0.500000000000000 NaN NaN 
	CutVar
		11333 0 0 

Model 75
	NumNodes 3
	Children
		2 3
		0 0
		0 0
	EndChildren
	ClassProb
		0.604939519318498 0.395060480681502
		0.659911527903622 0.340088472096378
		0.007282676930311 0.992717323069689
	EndClassProb
	CutPoint
		0.089080587947466 NaN NaN 
	CutVar
		16218 0 0 

Model 76
	NumNodes 3
	Children
		2 3
		0 0
		0 0
	EndChildren
	ClassProb
		0.440208911447013 0.559791088552987
		0.347592142042399 0.652407857957600
		0.894449174200086 0.105550825799914
	EndClassProb
	CutPoint
		1.109939299542852 NaN NaN 
	CutVar
		16096 0 0 

Model 77
	NumNodes 3
	Children
		2 3
		0 0
		0 0
	EndChildren
	ClassProb
		0.580081375984511 0.419918624015489
		0.634658401255299 0.365341598744701
		0.000000000000000 1.000000000000000
	EndClassProb
	CutPoint
		0.500000000000000 NaN NaN 
	CutVar
		238 0 0 

Model 78
	NumNodes 3
	Children
		2 3
		0 0
		0 0
	EndChildren
	ClassProb
		0.435447028784958 0.564552971215042
		0.373353467097482 0.626646532902518
		0.988126348031294 0.011873651968706
	EndClassProb
	CutPoint
		0.500000000000000 NaN NaN 
	CutVar
		11680 0 0 

Model 79
	NumNodes 3
	Children
		2 3
		0 0
		0 0
	EndChildren
	ClassProb
		0.573468381991786 0.426531618008214
		0.708424179639742 0.291575820360257
		0.317657141372957 0.682342858627043
	EndClassProb
	CutPoint
		0.750140903980083 NaN NaN 
	CutVar
		18900 0 0 

Model 80
	NumNodes 3
	Children
		2 3
		0 0
		0 0
	EndChildren
	ClassProb
		0.514024069914982 0.485975930085018
		0.247554689101115 0.752445310898885
		0.711009876919552 0.288990123080448
	EndClassProb
	CutPoint
		0.277133122832489 NaN NaN 
	CutVar
		17918 0 0 

Model 81
	NumNodes 3
	Children
		2 3
		0 0
		0 0
	EndChildren
	ClassProb
		0.474394620497055 0.525605379502945
		0.399310639850118 0.600689360149882
		0.986882793355133 0.013117206644867
	EndClassProb
	CutPoint
		0.500000000000000 NaN NaN 
	CutVar
		11335 0 0 

Model 82
	NumNodes 3
	Children
		2 3
		0 0
		0 0
	EndChildren
	ClassProb
		0.594607378116314 0.405392621883686
		0.438493104100316 0.561506895899684
		0.855266052518815 0.144733947481185
	EndClassProb
	CutPoint
		0.883633258858334 NaN NaN 
	CutVar
		18043 0 0 

Model 83
	NumNodes 3
	Children
		2 3
		0 0
		0 0
	EndChildren
	ClassProb
		0.656000036495322 0.343999963504678
		0.000000000000000 1.000000000000000
		0.719298415000004 0.280701584999996
	EndClassProb
	CutPoint
		-0.137734331977630 NaN NaN 
	CutVar
		20979 0 0 

Model 84
	NumNodes 3
	Children
		2 3
		0 0
		0 0
	EndChildren
	ClassProb
		0.440860120759636 0.559139879240364
		0.999772436789214 0.000227563210786
		0.382594834325392 0.617405165674608
	EndClassProb
	CutPoint
		-0.072577379992236 NaN NaN 
	CutVar
		21909 0 0 

Model 85
	NumNodes 3
	Children
		2 3
		0 0
		0 0
	EndChildren
	ClassProb
		0.572183322533789 0.427816677466211
		0.047978693402141 0.952021306597859
		0.640270343098991 0.359729656901009
	EndClassProb
	CutPoint
		-0.052298208147134 NaN NaN 
	CutVar
		25190 0 0 

Model 86
	NumNodes 3
	Children
		2 3
		0 0
		0 0
	EndChildren
	ClassProb
		0.427580537471991 0.572419462528009
		0.991108176118694 0.008891823881306
		0.369475186505803 0.630524813494197
	EndClassProb
	CutPoint
		-0.003840485060285 NaN NaN 
	CutVar
		24020 0 0 

Model 87
	NumNodes 3
	Children
		2 3
		0 0
		0 0
	EndChildren
	ClassProb
		0.568498034145270 0.431501965854730
		0.633758777770328 0.366241222229673
		0.057067072168786 0.942932927831214
	EndClassProb
	CutPoint
		0.089080587947466 NaN NaN 
	CutVar
		16218 0 0 

Model 88
	NumNodes 3
	Children
		2 3
		0 0
		0 0
	EndChildren
	ClassProb
		0.429967023678828 0.570032976321172
		0.363388965580920 0.636611034419080
		0.972111224660016 0.027888775339984
	EndClassProb
	CutPoint
		0.500000000000000 NaN NaN 
	CutVar
		11680 0 0 

Model 89
	NumNodes 3
	Children
		2 3
		0 0
		0 0
	EndChildren
	ClassProb
		0.574287647311059 0.425712352688941
		0.000000000000000 1.000000000000000
		0.632188230571389 0.367811769428611
	EndClassProb
	CutPoint
		245.652181328527460 NaN NaN 
	CutVar
		25371 0 0 

Model 90
	NumNodes 3
	Children
		2 3
		0 0
		0 0
	EndChildren
	ClassProb
		0.431227678358820 0.568772321641180
		0.347822968571977 0.652177031428023
		0.822223746115408 0.177776253884592
	EndClassProb
	CutPoint
		1.109939299542852 NaN NaN 
	CutVar
		16096 0 0 

Model 91
	NumNodes 3
	Children
		2 3
		0 0
		0 0
	EndChildren
	ClassProb
		0.556813585834317 0.443186414165683
		0.413708540694151 0.586291459305849
		0.793268414493070 0.206731585506930
	EndClassProb
	CutPoint
		0.408132733633355 NaN NaN 
	CutVar
		20583 0 0 

Model 92
	NumNodes 3
	Children
		2 3
		0 0
		0 0
	EndChildren
	ClassProb
		0.609002563758967 0.390997436241033
		0.066907893063594 0.933092106936406
		0.684535154781303 0.315464845218697
	EndClassProb
	CutPoint
		-0.990463188078087 NaN NaN 
	CutVar
		14177 0 0 

Model 93
	NumNodes 3
	Children
		2 3
		0 0
		0 0
	EndChildren
	ClassProb
		0.434545477086218 0.565454522913782
		0.364952618228370 0.635047381771630
		1.000000000000000 0.000000000000000
	EndClassProb
	CutPoint
		0.089298681213060 NaN NaN 
	CutVar
		20582 0 0 

Model 94
	NumNodes 3
	Children
		2 3
		0 0
		0 0
	EndChildren
	ClassProb
		0.581170485551323 0.418829514448677
		0.641744182970987 0.358255817029013
		0.000000000000000 1.000000000000000
	EndClassProb
	CutPoint
		0.500000000000000 NaN NaN 
	CutVar
		4487 0 0 

Model 95
	NumNodes 3
	Children
		2 3
		0 0
		0 0
	EndChildren
	ClassProb
		0.430140021894620 0.569859978105380
		0.920413560741275 0.079586439258725
		0.359751242988117 0.640248757011883
	EndClassProb
	CutPoint
		-0.121116134356358 NaN NaN 
	CutVar
		18900 0 0 

Model 96
	NumNodes 3
	Children
		2 3
		0 0
		0 0
	EndChildren
	ClassProb
		0.570150153875155 0.429849846124845
		0.623260881004850 0.376739118995150
		0.000021598063148 0.999978401936852
	EndClassProb
	CutPoint
		0.500000000000000 NaN NaN 
	CutVar
		1911 0 0 

Model 97
	NumNodes 3
	Children
		2 3
		0 0
		0 0
	EndChildren
	ClassProb
		0.434988853007365 0.565011146992635
		0.372395527639960 0.627604472360040
		0.998844202888889 0.001155797111111
	EndClassProb
	CutPoint
		0.500000000000000 NaN NaN 
	CutVar
		7454 0 0 

Model 98
	NumNodes 3
	Children
		2 3
		0 0
		0 0
	EndChildren
	ClassProb
		0.574901172021292 0.425098827978708
		0.657641817707809 0.342358182292191
		0.219696889247881 0.780303110752119
	EndClassProb
	CutPoint
		0.334865520481373 NaN NaN 
	CutVar
		20718 0 0 

Model 99
	NumNodes 3
	Children
		2 3
		0 0
		0 0
	EndChildren
	ClassProb
		0.456752115361089 0.543247884638911
		0.400041525899391 0.599958474100609
		1.000000000000000 0.000000000000000
	EndClassProb
	CutPoint
		0.089298681213060 NaN NaN 
	CutVar
		20582 0 0 

Model 100
	NumNodes 3
	Children
		2 3
		0 0
		0 0
	EndChildren
	ClassProb
		0.574104993540057 0.425895006459943
		0.689404877533777 0.310595122466223
		0.297188401510295 0.702811598489704
	EndClassProb
	CutPoint
		0.500000000000000 NaN NaN 
	CutVar
		3533 0 0 

TrainedWeights
0.609340749180877 0.727454158542423 0.464757430590489 0.607544014000976 0.531911002889601 0.554039523218974 0.447421124770109 0.592778266987105 0.454094308013266 0.483818862385236 0.370924333524533 0.472187743045902 0.404726229022717 0.375040249606102 0.500026391942840 0.498669842258768 0.266071594511025 0.529992585047873 0.351842418922445 0.444569038003831 0.545393758224696 0.340910758072630 0.456776574186338 0.427637594907781 0.434024072314333 0.416389190500844 0.386101435794237 0.413056964532763 0.372999520044562 0.359551242983807 0.161433794566854 0.479502881623504 0.409565849997652 0.370877745748704 0.441565997047656 0.379165212711606 0.409394225525071 0.313308116627536 0.387369275755631 0.389772011435519 0.415072976804989 0.495834564031149 0.337079069184969 0.412834116603779 0.375069461572941 0.364409058979236 0.477443627169105 0.336871166636431 0.437340715847090 0.181485024784407 0.446664118375961 0.322189406978908 0.456178672012451 0.329591146128532 0.376103399929840 0.407712504715790 0.347792674729187 0.384277851395661 0.425951075420033 0.378620689765395 0.360381579384754 0.353369222647728 0.457008911738442 0.335579385652743 0.382458624390872 0.327135813199210 0.319410866697019 0.323849048156246 0.338505768641406 0.348139776930402 0.358421843667240 0.424916985733480 0.447160112601698 0.183724845354877 0.395263114564322 0.408032581205169 0.345244521554305 0.338697132933201 0.422260894884250 0.493819902694891 0.309607064234183 0.357585656308524 0.533432321582856 0.317236351807296 0.367970769050376 0.341099475009104 0.351259800310078 0.361587636427040 0.344793881768641 0.381657573890952 0.341320205839940 0.459730757425796 0.365538114523681 0.366719880946939 0.366406497739966 0.321350357992866 0.342150369891485 0.378762479749387 0.282853666379840 0.407904659607266 