Model 1
	NumNodes 3
	Children
		2 3
		0 0
		0 0
	EndChildren
	ClassProb
		0.500000000000000 0.500000000000000
		0.880217785843920 0.119782214156080
		0.053304904051173 0.946695095948827
	EndClassProb
	CutPoint
		0.500000000000000 NaN NaN 
	CutVar
		7270 0 0 

Model 2
	NumNodes 3
	Children
		2 3
		0 0
		0 0
	EndChildren
	ClassProb
		0.398396006576846 0.601603993423154
		0.130742430228799 0.869257569771201
		0.914856014138684 0.085143985861316
	EndClassProb
	CutPoint
		0.500000000000000 NaN NaN 
	CutVar
		6215 0 0 

Model 3
	NumNodes 3
	Children
		2 3
		0 0
		0 0
	EndChildren
	ClassProb
		0.550297645597462 0.449702354402538
		0.819568666386695 0.180431333613306
		0.044675043808536 0.955324956191464
	EndClassProb
	CutPoint
		0.500000000000000 NaN NaN 
	CutVar
		7141 0 0 

Model 4
	NumNodes 3
	Children
		2 3
		0 0
		0 0
	EndChildren
	ClassProb
		0.366745456256716 0.633254543743284
		0.114944221468727 0.885055778531273
		0.916649084551364 0.083350915448636
	EndClassProb
	CutPoint
		0.500000000000000 NaN NaN 
	CutVar
		5358 0 0 

Model 5
	NumNodes 3
	Children
		2 3
		0 0
		0 0
	EndChildren
	ClassProb
		0.536206812963578 0.463793187036422
		0.822110715410427 0.177889284589573
		0.101691118731974 0.898308881268026
	EndClassProb
	CutPoint
		0.500000000000000 NaN NaN 
	CutVar
		6278 0 0 

Model 6
	NumNodes 3
	Children
		2 3
		0 0
		0 0
	EndChildren
	ClassProb
		0.427536567518063 0.572463432481937
		0.210968273814336 0.789031726185664
		0.909672264699937 0.090327735300063
	EndClassProb
	CutPoint
		0.500000000000000 NaN NaN 
	CutVar
		3533 0 0 

Model 7
	NumNodes 3
	Children
		2 3
		0 0
		0 0
	EndChildren
	ClassProb
		0.589939529008449 0.410060470991551
		0.792930648410591 0.207069351589409
		0.119215665692770 0.880784334307230
	EndClassProb
	CutPoint
		0.500000000000000 NaN NaN 
	CutVar
		5482 0 0 

Model 8
	NumNodes 3
	Children
		2 3
		0 0
		0 0
	EndChildren
	ClassProb
		0.437510200706985 0.562489799293015
		0.250695372804860 0.749304627195140
		0.926094876405240 0.073905123594760
	EndClassProb
	CutPoint
		0.500000000000000 NaN NaN 
	CutVar
		3883 0 0 

Model 9
	NumNodes 3
	Children
		2 3
		0 0
		0 0
	EndChildren
	ClassProb
		0.609807647939615 0.390192352060385
		0.935275131856394 0.064724868143606
		0.260095325246914 0.739904674753086
	EndClassProb
	CutPoint
		0.500000000000000 NaN NaN 
	CutVar
		8162 0 0 

Model 10
	NumNodes 3
	Children
		2 3
		0 0
		0 0
	EndChildren
	ClassProb
		0.682486952795818 0.317513047204182
		0.809765239315040 0.190234760684960
		0.000000000000000 1.000000000000000
	EndClassProb
	CutPoint
		0.106515278446977 NaN NaN 
	CutVar
		18785 0 0 

Model 11
	NumNodes 3
	Children
		2 3
		0 0
		0 0
	EndChildren
	ClassProb
		0.406403733424103 0.593596266575897
		0.265830634760720 0.734169365239280
		1.000000000000000 0.000000000000000
	EndClassProb
	CutPoint
		0.000138200004428 NaN NaN 
	CutVar
		18043 0 0 

Model 12
	NumNodes 3
	Children
		2 3
		0 0
		0 0
	EndChildren
	ClassProb
		0.621946228593595 0.378053771406405
		0.762590987002871 0.237409012997129
		0.005417273999076 0.994582726000924
	EndClassProb
	CutPoint
		0.038904179750432 NaN NaN 
	CutVar
		24315 0 0 

Model 13
	NumNodes 3
	Children
		2 3
		0 0
		0 0
	EndChildren
	ClassProb
		0.387939092917988 0.612060907082012
		0.255472510807129 0.744527489192871
		1.000000000000000 0.000000000000000
	EndClassProb
	CutPoint
		0.041426849511168 NaN NaN 
	CutVar
		12923 0 0 

Model 14
	NumNodes 3
	Children
		2 3
		0 0
		0 0
	EndChildren
	ClassProb
		0.612610482004528 0.387389517995472
		0.736306749573622 0.263693250426378
		0.008907464432576 0.991092535567424
	EndClassProb
	CutPoint
		0.521800304330140 NaN NaN 
	CutVar
		19955 0 0 

Model 15
	NumNodes 3
	Children
		2 3
		0 0
		0 0
	EndChildren
	ClassProb
		0.395348915840976 0.604651084159024
		0.553984683436582 0.446015316563418
		0.000262407227904 0.999737592772096
	EndClassProb
	CutPoint
		0.500000000000000 NaN NaN 
	CutVar
		7271 0 0 

Model 16
	NumNodes 3
	Children
		2 3
		0 0
		0 0
	EndChildren
	ClassProb
		0.290040710311059 0.709959289688942
		0.209429348465704 0.790570651534296
		1.000000000000000 0.000000000000000
	EndClassProb
	CutPoint
		0.083853026710830 NaN NaN 
	CutVar
		18900 0 0 

Model 17
	NumNodes 3
	Children
		2 3
		0 0
		0 0
	EndChildren
	ClassProb
		0.562792746928618 0.437207253071382
		0.779822828015021 0.220177171984979
		0.082766974561817 0.917233025438183
	EndClassProb
	CutPoint
		0.500000000000000 NaN NaN 
	CutVar
		9166 0 0 

Model 18
	NumNodes 3
	Children
		2 3
		0 0
		0 0
	EndChildren
	ClassProb
		0.399049799769708 0.600950200230292
		0.563592354042457 0.436407645957543
		0.033665439647937 0.966334560352063
	EndClassProb
	CutPoint
		0.500000000000000 NaN NaN 
	CutVar
		6100 0 0 

Model 19
	NumNodes 3
	Children
		2 3
		0 0
		0 0
	EndChildren
	ClassProb
		0.298932733506673 0.701067266493327
		0.999027523691278 0.000972476308722
		0.224994296945359 0.775005703054641
	EndClassProb
	CutPoint
		-0.633485758201880 NaN NaN 
	CutVar
		22103 0 0 

Model 20
	NumNodes 3
	Children
		2 3
		0 0
		0 0
	EndChildren
	ClassProb
		0.559685282973676 0.440314717026324
		0.724822614191259 0.275177385808741
		0.000000000000000 1.000000000000000
	EndClassProb
	CutPoint
		0.083853026710830 NaN NaN 
	CutVar
		19826 0 0 

Model 21
	NumNodes 3
	Children
		2 3
		0 0
		0 0
	EndChildren
	ClassProb
		0.355348219545736 0.644651780454264
		0.254038886975343 0.745961113024657
		1.000000000000000 0.000000000000000
	EndClassProb
	CutPoint
		0.500000000000000 NaN NaN 
	CutVar
		5357 0 0 

Model 22
	NumNodes 3
	Children
		2 3
		0 0
		0 0
	EndChildren
	ClassProb
		0.587006433350222 0.412993566649778
		0.702801760562104 0.297198239437896
		0.000691032405306 0.999308967594694
	EndClassProb
	CutPoint
		0.500000000000000 NaN NaN 
	CutVar
		7271 0 0 

Model 23
	NumNodes 3
	Children
		2 3
		0 0
		0 0
	EndChildren
	ClassProb
		0.390604683790107 0.609395316209893
		0.288151977421499 0.711848022578501
		1.000000000000000 0.000000000000000
	EndClassProb
	CutPoint
		0.000138200004428 NaN NaN 
	CutVar
		18043 0 0 

Model 24
	NumNodes 3
	Children
		2 3
		0 0
		0 0
	EndChildren
	ClassProb
		0.595527077828416 0.404472922171584
		0.749030138876113 0.250969861123886
		0.096873257428177 0.903126742571823
	EndClassProb
	CutPoint
		0.500000000000000 NaN NaN 
	CutVar
		4485 0 0 

Model 25
	NumNodes 3
	Children
		2 3
		0 0
		0 0
	EndChildren
	ClassProb
		0.417755105615088 0.582244894384912
		0.722650178538909 0.277349821461091
		0.172773814986300 0.827226185013700
	EndClassProb
	CutPoint
		0.500000000000000 NaN NaN 
	CutVar
		8162 0 0 

Model 26
	NumNodes 3
	Children
		2 3
		0 0
		0 0
	EndChildren
	ClassProb
		0.424570625122419 0.575429374877581
		0.193024097084362 0.806975902915638
		0.794727254998266 0.205272745001734
	EndClassProb
	CutPoint
		0.500000000000000 NaN NaN 
	CutVar
		7021 0 0 

Model 27
	NumNodes 3
	Children
		2 3
		0 0
		0 0
	EndChildren
	ClassProb
		0.490860726456358 0.509139273543642
		0.652427073758288 0.347572926241712
		0.029271378779069 0.970728621220931
	EndClassProb
	CutPoint
		0.500000000000000 NaN NaN 
	CutVar
		7141 0 0 

Model 28
	NumNodes 3
	Children
		2 3
		0 0
		0 0
	EndChildren
	ClassProb
		0.343093702052046 0.656906297947954
		0.244498012872665 0.755501987127335
		1.000000000000000 0.000000000000000
	EndClassProb
	CutPoint
		0.010176941697072 NaN NaN 
	CutVar
		17918 0 0 

Model 29
	NumNodes 3
	Children
		2 3
		0 0
		0 0
	EndChildren
	ClassProb
		0.582868882031893 0.417131117968107
		0.710644929440595 0.289355070559405
		0.010661139518387 0.989338860481613
	EndClassProb
	CutPoint
		1.004710824788599 NaN NaN 
	CutVar
		21851 0 0 

Model 30
	NumNodes 3
	Children
		2 3
		0 0
		0 0
	EndChildren
	ClassProb
		0.385504319739210 0.614495680260791
		0.884848067519087 0.115151932480913
		0.275311944635018 0.724688055364982
	EndClassProb
	CutPoint
		213.123381431999830 NaN NaN 
	CutVar
		25371 0 0 

Model 31
	NumNodes 3
	Children
		2 3
		0 0
		0 0
	EndChildren
	ClassProb
		0.563876994763507 0.436123005236493
		0.700424052656755 0.299575947343245
		0.040048956443411 0.959951043556589
	EndClassProb
	CutPoint
		0.521800304330140 NaN NaN 
	CutVar
		19955 0 0 

Model 32
	NumNodes 3
	Children
		2 3
		0 0
		0 0
	EndChildren
	ClassProb
		0.385227125431966 0.614772874568034
		0.270244541683835 0.729755458316165
		1.000000000000000 0.000000000000000
	EndClassProb
	CutPoint
		0.500000000000000 NaN NaN 
	CutVar
		5357 0 0 

Model 33
	NumNodes 3
	Children
		2 3
		0 0
		0 0
	EndChildren
	ClassProb
		0.602004283987850 0.397995716012150
		0.730705777204858 0.269294222795142
		0.000000000000000 1.000000000000000
	EndClassProb
	CutPoint
		0.106515278446977 NaN NaN 
	CutVar
		18785 0 0 

Model 34
	NumNodes 3
	Children
		2 3
		0 0
		0 0
	EndChildren
	ClassProb
		0.386823892374419 0.613176107625581
		0.528925516497495 0.471074483502505
		0.002049465189640 0.997950534810360
	EndClassProb
	CutPoint
		0.038904179750432 NaN NaN 
	CutVar
		24315 0 0 

Model 35
	NumNodes 3
	Children
		2 3
		0 0
		0 0
	EndChildren
	ClassProb
		0.295474626412859 0.704525373587141
		0.228508711510643 0.771491288489357
		1.000000000000000 0.000000000000000
	EndClassProb
	CutPoint
		0.083853026710830 NaN NaN 
	CutVar
		18900 0 0 

Model 36
	NumNodes 3
	Children
		2 3
		0 0
		0 0
	EndChildren
	ClassProb
		0.554845040047681 0.445154959952319
		0.749988654017350 0.250011345982650
		0.105093733338031 0.894906266661969
	EndClassProb
	CutPoint
		0.500000000000000 NaN NaN 
	CutVar
		7270 0 0 

Model 37
	NumNodes 3
	Children
		2 3
		0 0
		0 0
	EndChildren
	ClassProb
		0.406566368770454 0.593433631229546
		0.291708674277319 0.708291325722681
		0.956176212572090 0.043823787427910
	EndClassProb
	CutPoint
		0.500000000000000 NaN NaN 
	CutVar
		238 0 0 

Model 38
	NumNodes 3
	Children
		2 3
		0 0
		0 0
	EndChildren
	ClassProb
		0.594800583310082 0.405199416689918
		0.743859716822211 0.256140283177789
		0.046421954358434 0.953578045641566
	EndClassProb
	CutPoint
		0.500000000000000 NaN NaN 
	CutVar
		4734 0 0 

Model 39
	NumNodes 3
	Children
		2 3
		0 0
		0 0
	EndChildren
	ClassProb
		0.394270670647649 0.605729329352351
		0.620962431701593 0.379037568298406
		0.055312620211782 0.944687379788218
	EndClassProb
	CutPoint
		0.500000000000000 NaN NaN 
	CutVar
		6278 0 0 

Model 40
	NumNodes 3
	Children
		2 3
		0 0
		0 0
	EndChildren
	ClassProb
		0.292296719231517 0.707703280768483
		0.174053895269869 0.825946104730131
		0.910116395593711 0.089883604406289
	EndClassProb
	CutPoint
		0.500000000000000 NaN NaN 
	CutVar
		3533 0 0 

Model 41
	NumNodes 3
	Children
		2 3
		0 0
		0 0
	EndChildren
	ClassProb
		0.542108419813662 0.457891580186338
		0.944104388340013 0.055895611659987
		0.365331955982169 0.634668044017831
	EndClassProb
	CutPoint
		213.123381431999830 NaN NaN 
	CutVar
		25371 0 0 

Model 42
	NumNodes 3
	Children
		2 3
		0 0
		0 0
	EndChildren
	ClassProb
		0.666209777407060 0.333790222592940
		0.753068473494057 0.246931526505943
		0.035786705146832 0.964213294853168
	EndClassProb
	CutPoint
		0.038904179750432 NaN NaN 
	CutVar
		24315 0 0 

Model 43
	NumNodes 3
	Children
		2 3
		0 0
		0 0
	EndChildren
	ClassProb
		0.434810740957272 0.565189259042728
		0.260264980716197 0.739735019283803
		0.856166307728732 0.143833692271268
	EndClassProb
	CutPoint
		0.500000000000000 NaN NaN 
	CutVar
		8792 0 0 

Model 44
	NumNodes 3
	Children
		2 3
		0 0
		0 0
	EndChildren
	ClassProb
		0.568893883894426 0.431106116105574
		0.349910642892805 0.650089357107195
		0.961009770666473 0.038990229333527
	EndClassProb
	CutPoint
		0.500000000000000 NaN NaN 
	CutVar
		238 0 0 

Model 45
	NumNodes 3
	Children
		2 3
		0 0
		0 0
	EndChildren
	ClassProb
		0.696820316101468 0.303179683898532
		0.811669132696275 0.188330867303725
		0.163596300194323 0.836403699805677
	EndClassProb
	CutPoint
		0.500000000000000 NaN NaN 
	CutVar
		6100 0 0 

Model 46
	NumNodes 3
	Children
		2 3
		0 0
		0 0
	EndChildren
	ClassProb
		0.487987015759190 0.512012984240810
		0.768014594700642 0.231985405299358
		0.120168395604020 0.879831604395980
	EndClassProb
	CutPoint
		0.500000000000000 NaN NaN 
	CutVar
		9166 0 0 

Model 47
	NumNodes 3
	Children
		2 3
		0 0
		0 0
	EndChildren
	ClassProb
		0.408484343220685 0.591515656779315
		0.267622737253591 0.732377262746409
		1.000000000000000 0.000000000000000
	EndClassProb
	CutPoint
		0.083853026710830 NaN NaN 
	CutVar
		18900 0 0 

Model 48
	NumNodes 3
	Children
		2 3
		0 0
		0 0
	EndChildren
	ClassProb
		0.622685882929767 0.377314117070233
		0.769061824137782 0.230938175862218
		0.132901711142742 0.867098288857258
	EndClassProb
	CutPoint
		0.500000000000000 NaN NaN 
	CutVar
		4485 0 0 

Model 49
	NumNodes 3
	Children
		2 3
		0 0
		0 0
	EndChildren
	ClassProb
		0.447358847660883 0.552641152339117
		0.273955720734998 0.726044279265002
		0.835574624848564 0.164425375151436
	EndClassProb
	CutPoint
		0.500000000000000 NaN NaN 
	CutVar
		8033 0 0 

Model 50
	NumNodes 3
	Children
		2 3
		0 0
		0 0
	EndChildren
	ClassProb
		0.564055441756111 0.435944558243889
		0.812564392144040 0.187435607855960
		0.257484250849925 0.742515749150075
	EndClassProb
	CutPoint
		0.500000000000000 NaN NaN 
	CutVar
		8162 0 0 

Model 51
	NumNodes 3
	Children
		2 3
		0 0
		0 0
	EndChildren
	ClassProb
		0.550667259736348 0.449332740263652
		0.695775445425454 0.304224554574546
		0.000000000000000 1.000000000000000
	EndClassProb
	CutPoint
		0.083853026710830 NaN NaN 
	CutVar
		19826 0 0 

Model 52
	NumNodes 3
	Children
		2 3
		0 0
		0 0
	EndChildren
	ClassProb
		0.362651702910636 0.637348297089364
		0.249183572656232 0.750816427343768
		1.000000000000000 0.000000000000000
	EndClassProb
	CutPoint
		0.000138200004428 NaN NaN 
	CutVar
		18043 0 0 

Model 53
	NumNodes 3
	Children
		2 3
		0 0
		0 0
	EndChildren
	ClassProb
		0.595834617769572 0.404165382230428
		0.729803883288716 0.270196116711284
		0.085009736626083 0.914990263373917
	EndClassProb
	CutPoint
		0.521800304330140 NaN NaN 
	CutVar
		19955 0 0 

Model 54
	NumNodes 3
	Children
		2 3
		0 0
		0 0
	EndChildren
	ClassProb
		0.414388665715866 0.585611334284134
		0.292073734055855 0.707926265944145
		0.992106185920161 0.007893814079839
	EndClassProb
	CutPoint
		0.500000000000000 NaN NaN 
	CutVar
		3532 0 0 

Model 55
	NumNodes 3
	Children
		2 3
		0 0
		0 0
	EndChildren
	ClassProb
		0.611564365491615 0.388435634508385
		0.722524504891164 0.277475495108836
		0.000000000000000 1.000000000000000
	EndClassProb
	CutPoint
		0.413528738963091 NaN NaN 
	CutVar
		14124 0 0 

Model 56
	NumNodes 3
	Children
		2 3
		0 0
		0 0
	EndChildren
	ClassProb
		0.399643594620641 0.600356405379359
		1.000000000000000 0.000000000000000
		0.311261888917017 0.688738111082983
	EndClassProb
	CutPoint
		-1.307479690930841 NaN NaN 
	CutVar
		24193 0 0 

Model 57
	NumNodes 3
	Children
		2 3
		0 0
		0 0
	EndChildren
	ClassProb
		0.588052382340710 0.411947617659290
		0.702704052767097 0.297295947232903
		0.000017198906794 0.999982801093206
	EndClassProb
	CutPoint
		0.500000000000000 NaN NaN 
	CutVar
		7271 0 0 

Model 58
	NumNodes 3
	Children
		2 3
		0 0
		0 0
	EndChildren
	ClassProb
		0.391407960580376 0.608592039419624
		0.291364026551491 0.708635973448509
		0.999764513006332 0.000235486993668
	EndClassProb
	CutPoint
		0.500000000000000 NaN NaN 
	CutVar
		3411 0 0 

Model 59
	NumNodes 3
	Children
		2 3
		0 0
		0 0
	EndChildren
	ClassProb
		0.594092759708385 0.405907240291615
		0.426010246365816 0.573989753634184
		0.972633866515867 0.027366133484133
	EndClassProb
	CutPoint
		0.500000000000000 NaN NaN 
	CutVar
		238 0 0 

Model 60
	NumNodes 3
	Children
		2 3
		0 0
		0 0
	EndChildren
	ClassProb
		0.700812453269899 0.299187546730101
		0.845617594692136 0.154382405307864
		0.298129483709944 0.701870516290056
	EndClassProb
	CutPoint
		0.500000000000000 NaN NaN 
	CutVar
		7270 0 0 

Model 61
	NumNodes 3
	Children
		2 3
		0 0
		0 0
	EndChildren
	ClassProb
		0.589983306585512 0.410016693414488
		0.755073542331325 0.244926457668675
		0.108008735561166 0.891991264438834
	EndClassProb
	CutPoint
		0.500000000000000 NaN NaN 
	CutVar
		4734 0 0 

Model 62
	NumNodes 3
	Children
		2 3
		0 0
		0 0
	EndChildren
	ClassProb
		0.421577108267381 0.578422891732619
		0.282823533921250 0.717176466078750
		1.000000000000000 0.000000000000000
	EndClassProb
	CutPoint
		0.083853026710830 NaN NaN 
	CutVar
		18900 0 0 

Model 63
	NumNodes 3
	Children
		2 3
		0 0
		0 0
	EndChildren
	ClassProb
		0.625322768411517 0.374677231588483
		0.781263690678073 0.218736309321927
		0.109559668278055 0.890440331721945
	EndClassProb
	CutPoint
		0.500000000000000 NaN NaN 
	CutVar
		6278 0 0 

Model 64
	NumNodes 3
	Children
		2 3
		0 0
		0 0
	EndChildren
	ClassProb
		0.437618429908836 0.562381570091164
		0.310115582111528 0.689884417888472
		0.906282748667864 0.093717251332136
	EndClassProb
	CutPoint
		0.500000000000000 NaN NaN 
	CutVar
		5358 0 0 

Model 65
	NumNodes 3
	Children
		2 3
		0 0
		0 0
	EndChildren
	ClassProb
		0.593661861255824 0.406338138744176
		0.703977148481967 0.296022851518033
		0.001142324503504 0.998857675496496
	EndClassProb
	CutPoint
		0.038904179750432 NaN NaN 
	CutVar
		24315 0 0 

Model 66
	NumNodes 3
	Children
		2 3
		0 0
		0 0
	EndChildren
	ClassProb
		0.395876425243010 0.604123574756990
		0.605578814075804 0.394421185924196
		0.071916877318066 0.928083122681934
	EndClassProb
	CutPoint
		0.500000000000000 NaN NaN 
	CutVar
		6100 0 0 

Model 67
	NumNodes 3
	Children
		2 3
		0 0
		0 0
	EndChildren
	ClassProb
		0.303782893667051 0.696217106332949
		0.228566604567271 0.771433395432729
		0.995387803994081 0.004612196005919
	EndClassProb
	CutPoint
		0.500000000000000 NaN NaN 
	CutVar
		12141 0 0 

Model 68
	NumNodes 3
	Children
		2 3
		0 0
		0 0
	EndChildren
	ClassProb
		0.560435204348666 0.439564795651334
		0.674061224252088 0.325938775747912
		0.000000000000000 1.000000000000000
	EndClassProb
	CutPoint
		0.083853026710830 NaN NaN 
	CutVar
		19826 0 0 

Model 69
	NumNodes 3
	Children
		2 3
		0 0
		0 0
	EndChildren
	ClassProb
		0.384383917432264 0.615616082567736
		0.678084204722375 0.321915795277625
		0.151324410066564 0.848675589933436
	EndClassProb
	CutPoint
		0.500000000000000 NaN NaN 
	CutVar
		8162 0 0 

Model 70
	NumNodes 3
	Children
		2 3
		0 0
		0 0
	EndChildren
	ClassProb
		0.380012215203310 0.619987784796690
		0.244017915202629 0.755982084797371
		0.883694784565839 0.116305215434161
	EndClassProb
	CutPoint
		0.013958714754303 NaN NaN 
	CutVar
		20718 0 0 

Model 71
	NumNodes 3
	Children
		2 3
		0 0
		0 0
	EndChildren
	ClassProb
		0.562940806389340 0.437059193610660
		0.723701073692935 0.276298926307065
		0.144313224117863 0.855686775882136
	EndClassProb
	CutPoint
		0.000428602397294 NaN NaN 
	CutVar
		19955 0 0 

Model 72
	NumNodes 3
	Children
		2 3
		0 0
		0 0
	EndChildren
	ClassProb
		0.427399489118945 0.572600510881055
		0.999999966615065 0.000000033384935
		0.309533762412259 0.690466237587741
	EndClassProb
	CutPoint
		-0.040628371680213 NaN NaN 
	CutVar
		20081 0 0 

Model 73
	NumNodes 3
	Children
		2 3
		0 0
		0 0
	EndChildren
	ClassProb
		0.614828045639831 0.385171954360169
		0.731541977216173 0.268458022783827
		0.000000000000000 1.000000000000000
	EndClassProb
	CutPoint
		0.083853026710830 NaN NaN 
	CutVar
		19826 0 0 

Model 74
	NumNodes 3
	Children
		2 3
		0 0
		0 0
	EndChildren
	ClassProb
		0.396984358235364 0.603015641764636
		0.281728044569662 0.718271955430338
		0.999979182337561 0.000020817662439
	EndClassProb
	CutPoint
		0.500000000000000 NaN NaN 
	CutVar
		8032 0 0 

Model 75
	NumNodes 3
	Children
		2 3
		0 0
		0 0
	EndChildren
	ClassProb
		0.605081013396024 0.394918986603976
		0.740413298866623 0.259586701133377
		0.094980474998281 0.905019525001719
	EndClassProb
	CutPoint
		0.500000000000000 NaN NaN 
	CutVar
		7205 0 0 

Model 76
	NumNodes 3
	Children
		2 3
		0 0
		0 0
	EndChildren
	ClassProb
		0.421803425935614 0.578196574064386
		0.271541647072896 0.728458352927104
		0.979642638922588 0.020357361077412
	EndClassProb
	CutPoint
		0.500000000000000 NaN NaN 
	CutVar
		238 0 0 

Model 77
	NumNodes 3
	Children
		2 3
		0 0
		0 0
	EndChildren
	ClassProb
		0.623061652086126 0.376938347913874
		0.729530947354551 0.270469052645449
		0.001154987258354 0.998845012741646
	EndClassProb
	CutPoint
		0.038904179750432 NaN NaN 
	CutVar
		24315 0 0 

Model 78
	NumNodes 3
	Children
		2 3
		0 0
		0 0
	EndChildren
	ClassProb
		0.405421073153352 0.594578926846648
		0.240304965485664 0.759695034514336
		0.838547875150295 0.161452124849705
	EndClassProb
	CutPoint
		0.500000000000000 NaN NaN 
	CutVar
		8792 0 0 

Model 79
	NumNodes 3
	Children
		2 3
		0 0
		0 0
	EndChildren
	ClassProb
		0.546131435999002 0.453868564000998
		0.726619052171946 0.273380947828054
		0.127648198534352 0.872351801465648
	EndClassProb
	CutPoint
		0.500000000000000 NaN NaN 
	CutVar
		6278 0 0 

Model 80
	NumNodes 3
	Children
		2 3
		0 0
		0 0
	EndChildren
	ClassProb
		0.413238052231296 0.586761947768704
		0.307936381212149 0.692063618787851
		1.000000000000000 0.000000000000000
	EndClassProb
	CutPoint
		0.000138200004428 NaN NaN 
	CutVar
		18043 0 0 

Model 81
	NumNodes 3
	Children
		2 3
		0 0
		0 0
	EndChildren
	ClassProb
		0.602958687939000 0.397041312061000
		0.762037439592254 0.237962560407746
		0.151969142621841 0.848030857378159
	EndClassProb
	CutPoint
		0.500000000000000 NaN NaN 
	CutVar
		6100 0 0 

Model 82
	NumNodes 3
	Children
		2 3
		0 0
		0 0
	EndChildren
	ClassProb
		0.450981580658618 0.549018419341382
		0.326129382712704 0.673870617287296
		1.000000000000000 0.000000000000000
	EndClassProb
	CutPoint
		0.500000000000000 NaN NaN 
	CutVar
		5357 0 0 

Model 83
	NumNodes 3
	Children
		2 3
		0 0
		0 0
	EndChildren
	ClassProb
		0.626159314649219 0.373840685350781
		0.732081928343440 0.267918071656560
		0.004254906775872 0.995745093224128
	EndClassProb
	CutPoint
		0.038904179750432 NaN NaN 
	CutVar
		24315 0 0 

Model 84
	NumNodes 3
	Children
		2 3
		0 0
		0 0
	EndChildren
	ClassProb
		0.407304558812819 0.592695441187181
		0.245111494736593 0.754888505263407
		0.810478116610057 0.189521883389943
	EndClassProb
	CutPoint
		0.500000000000000 NaN NaN 
	CutVar
		5233 0 0 

Model 85
	NumNodes 3
	Children
		2 3
		0 0
		0 0
	EndChildren
	ClassProb
		0.532189883785383 0.467810116214617
		0.741708130886370 0.258291869113630
		0.076616471810779 0.923383528189222
	EndClassProb
	CutPoint
		0.500000000000000 NaN NaN 
	CutVar
		7270 0 0 

Model 86
	NumNodes 3
	Children
		2 3
		0 0
		0 0
	EndChildren
	ClassProb
		0.377976581498342 0.622023418501659
		0.552328164946875 0.447671835053125
		0.000000086654075 0.999999913345925
	EndClassProb
	CutPoint
		0.500000000000000 NaN NaN 
	CutVar
		7271 0 0 

Model 87
	NumNodes 3
	Children
		2 3
		0 0
		0 0
	EndChildren
	ClassProb
		0.272457511185296 0.727542488814704
		0.207397312876692 0.792602687123308
		0.999981802148985 0.000018197851015
	EndClassProb
	CutPoint
		0.500000000000000 NaN NaN 
	CutVar
		8103 0 0 

Model 88
	NumNodes 3
	Children
		2 3
		0 0
		0 0
	EndChildren
	ClassProb
		0.550689038102740 0.449310961897260
		0.668479282545330 0.331520717454670
		0.029285162151246 0.970714837848754
	EndClassProb
	CutPoint
		0.500000000000000 NaN NaN 
	CutVar
		7141 0 0 

Model 89
	NumNodes 3
	Children
		2 3
		0 0
		0 0
	EndChildren
	ClassProb
		0.386274860948435 0.613725139051565
		0.694947441350040 0.305052558649960
		0.133033367799133 0.866966632200867
	EndClassProb
	CutPoint
		0.500000000000000 NaN NaN 
	CutVar
		8162 0 0 

Model 90
	NumNodes 3
	Children
		2 3
		0 0
		0 0
	EndChildren
	ClassProb
		0.371900495227679 0.628099504772321
		0.210416963865277 0.789583036134723
		0.767985411426265 0.232014588573735
	EndClassProb
	CutPoint
		0.500000000000000 NaN NaN 
	CutVar
		8792 0 0 

Model 91
	NumNodes 3
	Children
		2 3
		0 0
		0 0
	EndChildren
	ClassProb
		0.486909700432287 0.513090299567713
		0.651972164538837 0.348027835461163
		0.000000000000000 1.000000000000000
	EndClassProb
	CutPoint
		0.413528738963091 NaN NaN 
	CutVar
		14124 0 0 

Model 92
	NumNodes 3
	Children
		2 3
		0 0
		0 0
	EndChildren
	ClassProb
		0.328955789898786 0.671044210101215
		0.232395101825268 0.767604898174732
		1.000000000000000 0.000000000000000
	EndClassProb
	CutPoint
		0.500000000000000 NaN NaN 
	CutVar
		5357 0 0 

Model 93
	NumNodes 3
	Children
		2 3
		0 0
		0 0
	EndChildren
	ClassProb
		0.578933624122951 0.421066375877049
		0.736488725541148 0.263511274458852
		0.092149316979359 0.907850683020641
	EndClassProb
	CutPoint
		0.500000000000000 NaN NaN 
	CutVar
		4485 0 0 

Model 94
	NumNodes 3
	Children
		2 3
		0 0
		0 0
	EndChildren
	ClassProb
		0.408243225592286 0.591756774407714
		0.268927791811002 0.731072208188998
		1.000000000000000 0.000000000000000
	EndClassProb
	CutPoint
		0.000138200004428 NaN NaN 
	CutVar
		18043 0 0 

Model 95
	NumNodes 3
	Children
		2 3
		0 0
		0 0
	EndChildren
	ClassProb
		0.621793626459032 0.378206373540967
		0.751642831469172 0.248357168530828
		0.000000000000000 1.000000000000000
	EndClassProb
	CutPoint
		0.542360332800000 NaN NaN 
	CutVar
		21221 0 0 

Model 96
	NumNodes 3
	Children
		2 3
		0 0
		0 0
	EndChildren
	ClassProb
		0.391287891747709 0.608712108252291
		0.293958793032880 0.706041206967119
		0.944773999746893 0.055226000253107
	EndClassProb
	CutPoint
		0.500000000000000 NaN NaN 
	CutVar
		238 0 0 

Model 97
	NumNodes 3
	Children
		2 3
		0 0
		0 0
	EndChildren
	ClassProb
		0.579252177521161 0.420747822478839
		0.701529431023003 0.298470568976997
		0.000000585487832 0.999999414512168
	EndClassProb
	CutPoint
		0.500000000000000 NaN NaN 
	CutVar
		7271 0 0 

Model 98
	NumNodes 3
	Children
		2 3
		0 0
		0 0
	EndChildren
	ClassProb
		0.384347435841658 0.615652564158342
		0.593920139047321 0.406079860952679
		0.066630231661344 0.933369768338656
	EndClassProb
	CutPoint
		0.500000000000000 NaN NaN 
	CutVar
		7270 0 0 

Model 99
	NumNodes 3
	Children
		2 3
		0 0
		0 0
	EndChildren
	ClassProb
		0.294335529786276 0.705664470213724
		0.214866671901908 0.785133328098092
		0.999825016791100 0.000174983208899
	EndClassProb
	CutPoint
		0.500000000000000 NaN NaN 
	CutVar
		3411 0 0 

Model 100
	NumNodes 3
	Children
		2 3
		0 0
		0 0
	EndChildren
	ClassProb
		0.562679261832299 0.437320738167701
		0.705248272561108 0.294751727438892
		0.112823638914803 0.887176361085196
	EndClassProb
	CutPoint
		0.500000000000000 NaN NaN 
	CutVar
		4734 0 0 

TrainedWeights
1.161624616148493 1.019455780297137 0.936232264028554 1.071318227308508 0.876578410578748 0.780250121885093 0.756147469414492 0.687555425349535 0.833208967164534 0.827873250634095 0.647726005391436 0.711100951385151 0.662406182770504 0.631766748121910 0.380770785531206 0.731284668593088 0.767051489921686 0.396893740500173 0.681987786331256 0.655010457700251 0.634181100302826 0.553858089488426 0.558199851252607 0.648415057782661 0.634686542881826 0.700247406480422 0.509950998966297 0.654691362410458 0.580510318130816 0.559065567377657 0.560264855469879 0.610774543683367 0.627422452838146 0.321484660326864 0.666468348982772 0.674115801420998 0.552350513827646 0.658498166219318 0.551173364555669 0.827135375953769 0.495233758579347 0.628870234206787 0.615058259290593 0.580475807591138 0.744914121877361 0.745895090746918 0.644123765808689 0.667357013461534 0.575962677462961 0.636347296378049 0.574213049092756 0.657877631054750 0.599312724429713 0.569729556204896 0.590526837396828 0.493969176559489 0.552534280956747 0.548641385009604 0.415508009886541 0.717238503648315 0.662481792409965 0.609520969161679 0.714065168707401 0.513067084982968 0.550002111092130 0.503179104423836 0.672773709200784 0.494788822493945 0.613232217241310 0.642010919385409 0.577224431964471 0.531609069343554 0.616585630177752 0.585918625277092 0.618173178808269 0.637978062831846 0.601048276612937 0.637093231099281 0.605660596798464 0.520176220733048 0.645926633412399 0.508261157322195 0.605436936097910 0.606519209149056 0.689840640023656 0.408603705845425 0.723789750840383 0.482633331780299 0.660781458405513 0.642583146562619 0.523202069475371 0.683326905873763 0.628155688241458 0.639618706641194 0.676278930270980 0.527525319381919 0.558826410082773 0.494360571363246 0.714895104468411 0.546722515653240 