Model 1
	NumNodes 3
	Children
		2 3
		0 0
		0 0
	EndChildren
	ClassProb
		0.496621621621627 0.503378378378373
		0.688407321068366 0.311592678931634
		0.055695710395184 0.944304289604816
	EndClassProb
	CutPoint
		0.748636698366533 NaN NaN 
	CutVar
		18900 0 0 

Model 2
	NumNodes 3
	Children
		2 3
		0 0
		0 0
	EndChildren
	ClassProb
		0.349225698898751 0.650774301101249
		0.658884218984493 0.341115781015507
		0.196917039646363 0.803082960353637
	EndClassProb
	CutPoint
		0.500000000000000 NaN NaN 
	CutVar
		7021 0 0 

Model 3
	NumNodes 3
	Children
		2 3
		0 0
		0 0
	EndChildren
	ClassProb
		0.413731335801283 0.586268664198717
		0.325934392841181 0.674065607158819
		0.950372517055412 0.049627482944588
	EndClassProb
	CutPoint
		0.500000000000000 NaN NaN 
	CutVar
		7141 0 0 

Model 4
	NumNodes 3
	Children
		2 3
		0 0
		0 0
	EndChildren
	ClassProb
		0.581563877541464 0.418436122458536
		0.272136873598373 0.727863126401627
		0.727661409744494 0.272338590255506
	EndClassProb
	CutPoint
		1746.889994667350000 NaN NaN 
	CutVar
		25372 0 0 

Model 5
	NumNodes 3
	Children
		2 3
		0 0
		0 0
	EndChildren
	ClassProb
		0.499889104135294 0.500110895864706
		0.363910081358106 0.636089918641894
		0.838107146214980 0.161892853785020
	EndClassProb
	CutPoint
		0.500000000000000 NaN NaN 
	CutVar
		4485 0 0 

Model 6
	NumNodes 3
	Children
		2 3
		0 0
		0 0
	EndChildren
	ClassProb
		0.597284592752021 0.402715407247979
		0.754731894135758 0.245268105864242
		0.369123603306303 0.630876396693697
	EndClassProb
	CutPoint
		0.500000000000000 NaN NaN 
	CutVar
		5233 0 0 

Model 7
	NumNodes 3
	Children
		2 3
		0 0
		0 0
	EndChildren
	ClassProb
		0.571819344525174 0.428180655474826
		0.094743706314215 0.905256293685785
		0.673174897251376 0.326825102748624
	EndClassProb
	CutPoint
		237.135661432000090 NaN NaN 
	CutVar
		25371 0 0 

Model 8
	NumNodes 3
	Children
		2 3
		0 0
		0 0
	EndChildren
	ClassProb
		0.417901896898124 0.582098103101876
		0.503162600476270 0.496837399523730
		0.116135434783197 0.883864565216803
	EndClassProb
	CutPoint
		0.009276981737690 NaN NaN 
	CutVar
		23218 0 0 

Model 9
	NumNodes 3
	Children
		2 3
		0 0
		0 0
	EndChildren
	ClassProb
		0.365130647967746 0.634869352032254
		0.289759668883399 0.710240331116601
		0.678133705371215 0.321866294628785
	EndClassProb
	CutPoint
		0.500000000000000 NaN NaN 
	CutVar
		6278 0 0 

Model 10
	NumNodes 3
	Children
		2 3
		0 0
		0 0
	EndChildren
	ClassProb
		0.487950730874064 0.512049269125936
		0.560641302657563 0.439358697342437
		0.077657408446727 0.922342591553273
	EndClassProb
	CutPoint
		0.131941791555706 NaN NaN 
	CutVar
		18411 0 0 

Model 11
	NumNodes 3
	Children
		2 3
		0 0
		0 0
	EndChildren
	ClassProb
		0.402338235469420 0.597661764530580
		0.349687106042183 0.650312893957817
		0.869653479420951 0.130346520579049
	EndClassProb
	CutPoint
		0.500000000000000 NaN NaN 
	CutVar
		177 0 0 

Model 12
	NumNodes 3
	Children
		2 3
		0 0
		0 0
	EndChildren
	ClassProb
		0.545317736380055 0.454682263619945
		0.699846905906134 0.300153094093866
		0.384349779546176 0.615650220453824
	EndClassProb
	CutPoint
		0.500000000000000 NaN NaN 
	CutVar
		3533 0 0 

Model 13
	NumNodes 3
	Children
		2 3
		0 0
		0 0
	EndChildren
	ClassProb
		0.546788979619078 0.453211020380922
		0.606522901447296 0.393477098552704
		0.078522330543138 0.921477669456861
	EndClassProb
	CutPoint
		2107.553116331999700 NaN NaN 
	CutVar
		25371 0 0 

Model 14
	NumNodes 3
	Children
		2 3
		0 0
		0 0
	EndChildren
	ClassProb
		0.431241158219853 0.568758841780148
		0.570270884365832 0.429729115634168
		0.256028843418946 0.743971156581054
	EndClassProb
	CutPoint
		0.500000000000000 NaN NaN 
	CutVar
		8792 0 0 

Model 15
	NumNodes 3
	Children
		2 3
		0 0
		0 0
	EndChildren
	ClassProb
		0.406178396124850 0.593821603875150
		0.365006595084560 0.634993404915440
		1.000000000000000 0.000000000000000
	EndClassProb
	CutPoint
		0.468787372867303 NaN NaN 
	CutVar
		19585 0 0 

Model 16
	NumNodes 3
	Children
		2 3
		0 0
		0 0
	EndChildren
	ClassProb
		0.549219763656898 0.450780236343103
		0.103288741914963 0.896711258085037
		0.601483000772093 0.398516999227907
	EndClassProb
	CutPoint
		-0.807235344137393 NaN NaN 
	CutVar
		15495 0 0 

Model 17
	NumNodes 3
	Children
		2 3
		0 0
		0 0
	EndChildren
	ClassProb
		0.440371505027863 0.559628494972137
		0.890837838889460 0.109162161110540
		0.394589977529308 0.605410022470692
	EndClassProb
	CutPoint
		-0.302112162837649 NaN NaN 
	CutVar
		18900 0 0 

Model 18
	NumNodes 3
	Children
		2 3
		0 0
		0 0
	EndChildren
	ClassProb
		0.551372394922356 0.448627605077644
		0.122301873852549 0.877698126147451
		0.603129370877268 0.396870629122732
	EndClassProb
	CutPoint
		237.133116382000050 NaN NaN 
	CutVar
		25371 0 0 

Model 19
	NumNodes 3
	Children
		2 3
		0 0
		0 0
	EndChildren
	ClassProb
		0.443256832307855 0.556743167692145
		0.497547649805619 0.502452350194381
		0.062326552483488 0.937673447516512
	EndClassProb
	CutPoint
		0.193539255770576 NaN NaN 
	CutVar
		17663 0 0 

Model 20
	NumNodes 3
	Children
		2 3
		0 0
		0 0
	EndChildren
	ClassProb
		0.500000000000000 0.500000000000000
		0.554321053490984 0.445678946509016
		0.077054335362756 0.922945664637244
	EndClassProb
	CutPoint
		0.193539255770576 NaN NaN 
	CutVar
		17663 0 0 

Model 21
	NumNodes 3
	Children
		2 3
		0 0
		0 0
	EndChildren
	ClassProb
		0.422775843928464 0.577224156071536
		0.376626028386324 0.623373971613676
		0.830343570906995 0.169656429093005
	EndClassProb
	CutPoint
		0.001047618089162 NaN NaN 
	CutVar
		17170 0 0 

Model 22
	NumNodes 3
	Children
		2 3
		0 0
		0 0
	EndChildren
	ClassProb
		0.541264068615045 0.458735931384955
		0.644524213066853 0.355475786933147
		0.346932862781569 0.653067137218430
	EndClassProb
	CutPoint
		0.000138200004428 NaN NaN 
	CutVar
		18043 0 0 

Model 23
	NumNodes 3
	Children
		2 3
		0 0
		0 0
	EndChildren
	ClassProb
		0.495759609363080 0.504240390636920
		0.576050876579664 0.423949123420336
		0.217131243441199 0.782868756558801
	EndClassProb
	CutPoint
		0.500000000000000 NaN NaN 
	CutVar
		5357 0 0 

Model 24
	NumNodes 3
	Children
		2 3
		0 0
		0 0
	EndChildren
	ClassProb
		0.423595664161006 0.576404335838994
		0.360740925679846 0.639259074320154
		0.814524895558768 0.185475104441232
	EndClassProb
	CutPoint
		0.500000000000000 NaN NaN 
	CutVar
		1970 0 0 

Model 25
	NumNodes 3
	Children
		2 3
		0 0
		0 0
	EndChildren
	ClassProb
		0.546838366636868 0.453161633363132
		0.284198416554983 0.715801583445017
		0.619699759307579 0.380300240692421
	EndClassProb
	CutPoint
		-0.024716995017492 NaN NaN 
	CutVar
		18040 0 0 

Model 26
	NumNodes 3
	Children
		2 3
		0 0
		0 0
	EndChildren
	ClassProb
		0.464519426153106 0.535480573846894
		0.534293419075000 0.465706580925000
		0.171725752589100 0.828274247410900
	EndClassProb
	CutPoint
		0.500000000000000 NaN NaN 
	CutVar
		238 0 0 

Model 27
	NumNodes 3
	Children
		2 3
		0 0
		0 0
	EndChildren
	ClassProb
		0.405504242821129 0.594495757178870
		0.370635852189154 0.629364147810846
		0.972396178738413 0.027603821261587
	EndClassProb
	CutPoint
		0.500000000000000 NaN NaN 
	CutVar
		2986 0 0 

Model 28
	NumNodes 3
	Children
		2 3
		0 0
		0 0
	EndChildren
	ClassProb
		0.541112593737307 0.458887406262693
		0.584866333012779 0.415133666987221
		0.094320020810324 0.905679979189676
	EndClassProb
	CutPoint
		2873.475542003900000 NaN NaN 
	CutVar
		25372 0 0 

Model 29
	NumNodes 3
	Children
		2 3
		0 0
		0 0
	EndChildren
	ClassProb
		0.445044401286844 0.554955598713156
		0.535560281954907 0.464439718045093
		0.243024099744505 0.756975900255495
	EndClassProb
	CutPoint
		0.500000000000000 NaN NaN 
	CutVar
		10533 0 0 

Model 30
	NumNodes 3
	Children
		2 3
		0 0
		0 0
	EndChildren
	ClassProb
		0.401091578327452 0.598908421672549
		0.341817584012099 0.658182415987901
		0.794403238139905 0.205596761860095
	EndClassProb
	CutPoint
		0.268455720858096 NaN NaN 
	CutVar
		17047 0 0 

Model 31
	NumNodes 3
	Children
		2 3
		0 0
		0 0
	EndChildren
	ClassProb
		0.535394618527530 0.464605381472470
		0.631647165056103 0.368352834943897
		0.326361762066401 0.673638237933599
	EndClassProb
	CutPoint
		0.366690367352846 NaN NaN 
	CutVar
		18900 0 0 

Model 32
	NumNodes 3
	Children
		2 3
		0 0
		0 0
	EndChildren
	ClassProb
		0.480207932578808 0.519792067421192
		0.417161570117549 0.582838429882451
		0.867698594813743 0.132301405186257
	EndClassProb
	CutPoint
		0.500000000000000 NaN NaN 
	CutVar
		12446 0 0 

Model 33
	NumNodes 3
	Children
		2 3
		0 0
		0 0
	EndChildren
	ClassProb
		0.572961985390837 0.427038014609164
		0.176888059131069 0.823111940868931
		0.632260663610586 0.367739336389414
	EndClassProb
	CutPoint
		237.133116382000050 NaN NaN 
	CutVar
		25371 0 0 

Model 34
	NumNodes 3
	Children
		2 3
		0 0
		0 0
	EndChildren
	ClassProb
		0.452030888990563 0.547969111009437
		0.410042888978291 0.589957111021710
		0.939668931422875 0.060331068577126
	EndClassProb
	CutPoint
		0.500000000000000 NaN NaN 
	CutVar
		11887 0 0 

Model 35
	NumNodes 3
	Children
		2 3
		0 0
		0 0
	EndChildren
	ClassProb
		0.554047377812877 0.445952622187123
		0.600467616871437 0.399532383128563
		0.107282551898980 0.892717448101020
	EndClassProb
	CutPoint
		0.193539255770576 NaN NaN 
	CutVar
		17663 0 0 

Model 36
	NumNodes 3
	Children
		2 3
		0 0
		0 0
	EndChildren
	ClassProb
		0.446669410966689 0.553330589033311
		0.416114648825583 0.583885351174417
		1.000000000000000 0.000000000000000
	EndClassProb
	CutPoint
		0.500000000000000 NaN NaN 
	CutVar
		4115 0 0 

Model 37
	NumNodes 3
	Children
		2 3
		0 0
		0 0
	EndChildren
	ClassProb
		0.543200817600786 0.456799182399214
		0.594833881503945 0.405166118496055
		0.228236596571936 0.771763403428064
	EndClassProb
	CutPoint
		0.009276981737690 NaN NaN 
	CutVar
		23218 0 0 

Model 38
	NumNodes 3
	Children
		2 3
		0 0
		0 0
	EndChildren
	ClassProb
		0.454574819267619 0.545425180732381
		0.409851937407413 0.590148062592587
		0.819597826665032 0.180402173334968
	EndClassProb
	CutPoint
		0.500000000000000 NaN NaN 
	CutVar
		10779 0 0 

Model 39
	NumNodes 3
	Children
		2 3
		0 0
		0 0
	EndChildren
	ClassProb
		0.547121994263620 0.452878005736380
		0.649604966656931 0.350395033343069
		0.379188737679410 0.620811262320590
	EndClassProb
	CutPoint
		0.500000000000000 NaN NaN 
	CutVar
		3883 0 0 

Model 40
	NumNodes 3
	Children
		2 3
		0 0
		0 0
	EndChildren
	ClassProb
		0.514683235188828 0.485316764811172
		0.281910985576773 0.718089014423227
		0.595540514456809 0.404459485543191
	EndClassProb
	CutPoint
		394.209681282000020 NaN NaN 
	CutVar
		25371 0 0 

Model 41
	NumNodes 3
	Children
		2 3
		0 0
		0 0
	EndChildren
	ClassProb
		0.449860298507024 0.550139701492976
		0.404820941960763 0.595179058039237
		0.864071714871789 0.135928285128211
	EndClassProb
	CutPoint
		0.500000000000000 NaN NaN 
	CutVar
		12142 0 0 

Model 42
	NumNodes 3
	Children
		2 3
		0 0
		0 0
	EndChildren
	ClassProb
		0.550556697392545 0.449443302607455
		0.173555765243823 0.826444234756177
		0.597557103520870 0.402442896479130
	EndClassProb
	CutPoint
		-0.014930081403989 NaN NaN 
	CutVar
		16217 0 0 

Model 43
	NumNodes 3
	Children
		2 3
		0 0
		0 0
	EndChildren
	ClassProb
		0.451978098452262 0.548021901547738
		0.914207812045753 0.085792187954247
		0.419378952861891 0.580621047138109
	EndClassProb
	CutPoint
		-0.531603879839666 NaN NaN 
	CutVar
		17423 0 0 

Model 44
	NumNodes 3
	Children
		2 3
		0 0
		0 0
	EndChildren
	ClassProb
		0.542862251231275 0.457137748768725
		0.632029944589711 0.367970055410289
		0.361190662641878 0.638809337358122
	EndClassProb
	CutPoint
		0.158921909558502 NaN NaN 
	CutVar
		18900 0 0 

Model 45
	NumNodes 3
	Children
		2 3
		0 0
		0 0
	EndChildren
	ClassProb
		0.496773042742129 0.503226957257871
		0.431589710540693 0.568410289459307
		0.775885517586254 0.224114482413746
	EndClassProb
	CutPoint
		0.068849516923767 NaN NaN 
	CutVar
		14529 0 0 

Model 46
	NumNodes 3
	Children
		2 3
		0 0
		0 0
	EndChildren
	ClassProb
		0.566784737644976 0.433215262355025
		0.082605997092715 0.917394002907285
		0.604152461163256 0.395847538836744
	EndClassProb
	CutPoint
		-0.300251097863849 NaN NaN 
	CutVar
		17169 0 0 

Model 47
	NumNodes 3
	Children
		2 3
		0 0
		0 0
	EndChildren
	ClassProb
		0.455475513747498 0.544524486252502
		0.426604920253551 0.573395079746449
		1.000000000000000 0.000000000000000
	EndClassProb
	CutPoint
		0.468787372867303 NaN NaN 
	CutVar
		19585 0 0 

Model 48
	NumNodes 3
	Children
		2 3
		0 0
		0 0
	EndChildren
	ClassProb
		0.542320054551837 0.457679945448163
		0.000000000000000 1.000000000000000
		0.572734813760864 0.427265186239136
	EndClassProb
	CutPoint
		-0.698558989885411 NaN NaN 
	CutVar
		21281 0 0 

Model 49
	NumNodes 3
	Children
		2 3
		0 0
		0 0
	EndChildren
	ClassProb
		0.455406238105853 0.544593761894147
		0.429219709259881 0.570780290740119
		1.000000000000000 0.000000000000000
	EndClassProb
	CutPoint
		0.330564021690888 NaN NaN 
	CutVar
		24315 0 0 

Model 50
	NumNodes 3
	Children
		2 3
		0 0
		0 0
	EndChildren
	ClassProb
		0.538848968165670 0.461151031834330
		0.567351004441409 0.432648995558591
		0.052479446028912 0.947520553971088
	EndClassProb
	CutPoint
		1.287340866358337 NaN NaN 
	CutVar
		13939 0 0 

Model 51
	NumNodes 3
	Children
		2 3
		0 0
		0 0
	EndChildren
	ClassProb
		0.458956673223700 0.541043326776300
		0.992996540955753 0.007003459044248
		0.433126577547272 0.566873422452728
	EndClassProb
	CutPoint
		-1.063558690388283 NaN NaN 
	CutVar
		20329 0 0 

Model 52
	NumNodes 3
	Children
		2 3
		0 0
		0 0
	EndChildren
	ClassProb
		0.538663142515443 0.461336857484557
		0.573791606016246 0.426208393983754
		0.132999442566843 0.867000557433157
	EndClassProb
	CutPoint
		2873.475542003900000 NaN NaN 
	CutVar
		25372 0 0 

Model 53
	NumNodes 3
	Children
		2 3
		0 0
		0 0
	EndChildren
	ClassProb
		0.455302729089529 0.544697270910471
		0.430059421833511 0.569940578166489
		1.000000000000000 0.000000000000000
	EndClassProb
	CutPoint
		0.500000000000000 NaN NaN 
	CutVar
		4115 0 0 

Model 54
	NumNodes 3
	Children
		2 3
		0 0
		0 0
	EndChildren
	ClassProb
		0.537599315915760 0.462400684084240
		0.567463449924355 0.432536550075645
		0.040626999355510 0.959373000644490
	EndClassProb
	CutPoint
		0.500000000000000 NaN NaN 
	CutVar
		3816 0 0 

Model 55
	NumNodes 3
	Children
		2 3
		0 0
		0 0
	EndChildren
	ClassProb
		0.456694108271586 0.543305891728414
		1.000000000000000 0.000000000000000
		0.431353412780401 0.568646587219599
	EndClassProb
	CutPoint
		-0.817190369347912 NaN NaN 
	CutVar
		12745 0 0 

Model 56
	NumNodes 3
	Children
		2 3
		0 0
		0 0
	EndChildren
	ClassProb
		0.537902293600121 0.462097706399879
		0.630598939977056 0.369401060022944
		0.383947333883071 0.616052666116929
	EndClassProb
	CutPoint
		0.000138200004428 NaN NaN 
	CutVar
		18043 0 0 

Model 57
	NumNodes 3
	Children
		2 3
		0 0
		0 0
	EndChildren
	ClassProb
		0.507280505734290 0.492719494265710
		0.072491534508974 0.927508465491026
		0.544797076083444 0.455202923916556
	EndClassProb
	CutPoint
		-0.069214145121904 NaN NaN 
	CutVar
		23462 0 0 

Model 58
	NumNodes 3
	Children
		2 3
		0 0
		0 0
	EndChildren
	ClassProb
		0.442734540305768 0.557265459694232
		0.413653277931264 0.586346722068736
		1.000000000000000 0.000000000000000
	EndClassProb
	CutPoint
		0.500000000000000 NaN NaN 
	CutVar
		9229 0 0 

Model 59
	NumNodes 3
	Children
		2 3
		0 0
		0 0
	EndChildren
	ClassProb
		0.540863749283106 0.459136250716894
		0.576967595892482 0.423032404107518
		0.120275487325679 0.879724512674321
	EndClassProb
	CutPoint
		2107.553116331999700 NaN NaN 
	CutVar
		25371 0 0 

Model 60
	NumNodes 3
	Children
		2 3
		0 0
		0 0
	EndChildren
	ClassProb
		0.454043757259326 0.545956242740674
		0.427033677817483 0.572966322182517
		1.000000000000000 0.000000000000000
	EndClassProb
	CutPoint
		0.500000000000000 NaN NaN 
	CutVar
		9103 0 0 

Model 61
	NumNodes 3
	Children
		2 3
		0 0
		0 0
	EndChildren
	ClassProb
		0.539741204519549 0.460258795480451
		0.612428948274304 0.387571051725696
		0.343749767703482 0.656250232296518
	EndClassProb
	CutPoint
		0.500000000000000 NaN NaN 
	CutVar
		10533 0 0 

Model 62
	NumNodes 3
	Children
		2 3
		0 0
		0 0
	EndChildren
	ClassProb
		0.481564981637464 0.518435018362536
		0.203931660840684 0.796068339159316
		0.546019158321459 0.453980841678541
	EndClassProb
	CutPoint
		237.133116382000050 NaN NaN 
	CutVar
		25371 0 0 

Model 63
	NumNodes 3
	Children
		2 3
		0 0
		0 0
	EndChildren
	ClassProb
		0.420779277281839 0.579220722718162
		0.390672296215105 0.609327703784895
		0.956753650617132 0.043246349382868
	EndClassProb
	CutPoint
		0.001047618089162 NaN NaN 
	CutVar
		18963 0 0 

Model 64
	NumNodes 3
	Children
		2 3
		0 0
		0 0
	EndChildren
	ClassProb
		0.537436111285047 0.462563888714953
		0.507999333735405 0.492000666264595
		1.000000000000000 0.000000000000000
	EndClassProb
	CutPoint
		0.468787372867303 NaN NaN 
	CutVar
		19585 0 0 

Model 65
	NumNodes 3
	Children
		2 3
		0 0
		0 0
	EndChildren
	ClassProb
		0.500000000000000 0.500000000000000
		0.470527919147615 0.529472080852385
		1.000000000000000 0.000000000000000
	EndClassProb
	CutPoint
		0.468787372867303 NaN NaN 
	CutVar
		19585 0 0 

Model 66
	NumNodes 3
	Children
		2 3
		0 0
		0 0
	EndChildren
	ClassProb
		0.550087130029423 0.449912869970577
		0.007760460959749 0.992239539040251
		0.574859467990756 0.425140532009244
	EndClassProb
	CutPoint
		-1.582900255104155 NaN NaN 
	CutVar
		24193 0 0 

Model 67
	NumNodes 3
	Children
		2 3
		0 0
		0 0
	EndChildren
	ClassProb
		0.463876193946491 0.536123806053510
		0.438325216518625 0.561674783481375
		0.988246264090713 0.011753735909286
	EndClassProb
	CutPoint
		0.500000000000000 NaN NaN 
	CutVar
		7640 0 0 

Model 68
	NumNodes 3
	Children
		2 3
		0 0
		0 0
	EndChildren
	ClassProb
		0.538829320389726 0.461170679610274
		0.306643610305747 0.693356389694254
		0.600025510888238 0.399974489111762
	EndClassProb
	CutPoint
		-0.024716995017492 NaN NaN 
	CutVar
		18040 0 0 

Model 69
	NumNodes 3
	Children
		2 3
		0 0
		0 0
	EndChildren
	ClassProb
		0.467319426183886 0.532680573816114
		0.436835959227096 0.563164040772904
		0.926947838157903 0.073052161842097
	EndClassProb
	CutPoint
		0.500000000000000 NaN NaN 
	CutVar
		11887 0 0 

Model 70
	NumNodes 3
	Children
		2 3
		0 0
		0 0
	EndChildren
	ClassProb
		0.543725187365592 0.456274812634409
		0.581140390164681 0.418859609835319
		0.138555497737272 0.861444502262728
	EndClassProb
	CutPoint
		2107.553116331999700 NaN NaN 
	CutVar
		25371 0 0 

Model 71
	NumNodes 3
	Children
		2 3
		0 0
		0 0
	EndChildren
	ClassProb
		0.454618732472332 0.545381267527667
		0.562162631992282 0.437837368007718
		0.295952981078405 0.704047018921595
	EndClassProb
	CutPoint
		0.500000000000000 NaN NaN 
	CutVar
		8792 0 0 

Model 72
	NumNodes 3
	Children
		2 3
		0 0
		0 0
	EndChildren
	ClassProb
		0.427536081174239 0.572463918825761
		0.398218442890966 0.601781557109035
		1.000000000000000 0.000000000000000
	EndClassProb
	CutPoint
		0.331696353536559 NaN NaN 
	CutVar
		19390 0 0 

Model 73
	NumNodes 3
	Children
		2 3
		0 0
		0 0
	EndChildren
	ClassProb
		0.539214010013426 0.460785989986574
		0.079766956949243 0.920233043050757
		0.572576225909689 0.427423774090311
	EndClassProb
	CutPoint
		-0.340973036499700 NaN NaN 
	CutVar
		24431 0 0 

Model 74
	NumNodes 3
	Children
		2 3
		0 0
		0 0
	EndChildren
	ClassProb
		0.454431521190160 0.545568478809840
		0.410612898532715 0.589387101467285
		0.827641675786144 0.172358324213856
	EndClassProb
	CutPoint
		0.168142846380299 NaN NaN 
	CutVar
		23463 0 0 

Model 75
	NumNodes 3
	Children
		2 3
		0 0
		0 0
	EndChildren
	ClassProb
		0.547283768807417 0.452716231192583
		0.623433929958914 0.376566070041086
		0.368379095462688 0.631620904537312
	EndClassProb
	CutPoint
		0.050655475665548 NaN NaN 
	CutVar
		17918 0 0 

Model 76
	NumNodes 3
	Children
		2 3
		0 0
		0 0
	EndChildren
	ClassProb
		0.496338862593501 0.503661137406499
		0.327318097684468 0.672681902315532
		0.604375386857983 0.395624613142017
	EndClassProb
	CutPoint
		2299.168102829100500 NaN NaN 
	CutVar
		25372 0 0 

Model 77
	NumNodes 3
	Children
		2 3
		0 0
		0 0
	EndChildren
	ClassProb
		0.465105795277113 0.534894204722887
		0.512084310333993 0.487915689666007
		0.075385176316518 0.924614823683482
	EndClassProb
	CutPoint
		2873.475542003900000 NaN NaN 
	CutVar
		25372 0 0 

Model 78
	NumNodes 3
	Children
		2 3
		0 0
		0 0
	EndChildren
	ClassProb
		0.419767945730059 0.580232054269941
		0.389468945552837 0.610531054447163
		1.000000000000000 0.000000000000000
	EndClassProb
	CutPoint
		0.468787372867303 NaN NaN 
	CutVar
		19585 0 0 

Model 79
	NumNodes 3
	Children
		2 3
		0 0
		0 0
	EndChildren
	ClassProb
		0.539395531847141 0.460604468152859
		0.500705604827609 0.499294395172392
		0.943839601504073 0.056160398495927
	EndClassProb
	CutPoint
		0.500000000000000 NaN NaN 
	CutVar
		60 0 0 

Model 80
	NumNodes 3
	Children
		2 3
		0 0
		0 0
	EndChildren
	ClassProb
		0.500000000000000 0.500000000000000
		0.461305770541627 0.538694229458373
		0.934858596800668 0.065141403199332
	EndClassProb
	CutPoint
		0.500000000000000 NaN NaN 
	CutVar
		60 0 0 

Model 81
	NumNodes 3
	Children
		2 3
		0 0
		0 0
	EndChildren
	ClassProb
		0.560677235567052 0.439322764432949
		0.597821075750824 0.402178924249176
		0.155856297021063 0.844143702978937
	EndClassProb
	CutPoint
		2107.553116331999700 NaN NaN 
	CutVar
		25371 0 0 

Model 82
	NumNodes 3
	Children
		2 3
		0 0
		0 0
	EndChildren
	ClassProb
		0.459818661745134 0.540181338254866
		0.427947342456704 0.572052657543296
		0.904433457609338 0.095566542390662
	EndClassProb
	CutPoint
		0.500000000000000 NaN NaN 
	CutVar
		4612 0 0 

Model 83
	NumNodes 3
	Children
		2 3
		0 0
		0 0
	EndChildren
	ClassProb
		0.543020312539781 0.456979687460219
		0.570679449641574 0.429320550358426
		0.044841802693127 0.955158197306873
	EndClassProb
	CutPoint
		1.287340866358337 NaN NaN 
	CutVar
		13939 0 0 

Model 84
	NumNodes 3
	Children
		2 3
		0 0
		0 0
	EndChildren
	ClassProb
		0.460370358202270 0.539629641797731
		0.436721109084812 0.563278890915188
		1.000000000000000 0.000000000000000
	EndClassProb
	CutPoint
		0.331696353536559 NaN NaN 
	CutVar
		19390 0 0 

Model 85
	NumNodes 3
	Children
		2 3
		0 0
		0 0
	EndChildren
	ClassProb
		0.536093464711466 0.463906535288534
		0.069869434813567 0.930130565186433
		0.565041995942668 0.434958004057332
	EndClassProb
	CutPoint
		-0.524864603375965 NaN NaN 
	CutVar
		17174 0 0 

Model 86
	NumNodes 3
	Children
		2 3
		0 0
		0 0
	EndChildren
	ClassProb
		0.458571677834949 0.541428322165051
		0.511626598755728 0.488373401244272
		0.213435832468088 0.786564167531912
	EndClassProb
	CutPoint
		0.500000000000000 NaN NaN 
	CutVar
		9911 0 0 

Model 87
	NumNodes 3
	Children
		2 3
		0 0
		0 0
	EndChildren
	ClassProb
		0.418375008503017 0.581624991496983
		0.390989856959861 0.609010143040139
		0.905741937321900 0.094258062678100
	EndClassProb
	CutPoint
		0.500000000000000 NaN NaN 
	CutVar
		6899 0 0 

Model 88
	NumNodes 3
	Children
		2 3
		0 0
		0 0
	EndChildren
	ClassProb
		0.531878919144691 0.468121080855309
		0.581094085034143 0.418905914965857
		0.244947169842777 0.755052830157223
	EndClassProb
	CutPoint
		0.500000000000000 NaN NaN 
	CutVar
		12141 0 0 

Model 89
	NumNodes 3
	Children
		2 3
		0 0
		0 0
	EndChildren
	ClassProb
		0.454450398359904 0.545549601640096
		0.416708100207069 0.583291899792931
		0.798550961016551 0.201449038983449
	EndClassProb
	CutPoint
		0.001047618089162 NaN NaN 
	CutVar
		17170 0 0 

Model 90
	NumNodes 3
	Children
		2 3
		0 0
		0 0
	EndChildren
	ClassProb
		0.540101359475817 0.459898640524183
		0.573733866204078 0.426266133795922
		0.166903619745037 0.833096380254963
	EndClassProb
	CutPoint
		2873.475542003900000 NaN NaN 
	CutVar
		25372 0 0 

Model 91
	NumNodes 3
	Children
		2 3
		0 0
		0 0
	EndChildren
	ClassProb
		0.459183376643518 0.540816623356482
		1.000000000000000 0.000000000000000
		0.435376659462427 0.564623340537573
	EndClassProb
	CutPoint
		-0.817190369347912 NaN NaN 
	CutVar
		12745 0 0 

Model 92
	NumNodes 3
	Children
		2 3
		0 0
		0 0
	EndChildren
	ClassProb
		0.536162350440035 0.463837649559965
		0.563811052558624 0.436188947441376
		0.084740805279353 0.915259194720647
	EndClassProb
	CutPoint
		1.079420083176514 NaN NaN 
	CutVar
		17046 0 0 

Model 93
	NumNodes 3
	Children
		2 3
		0 0
		0 0
	EndChildren
	ClassProb
		0.460662021469989 0.539337978530012
		0.432854266292640 0.567145733707360
		0.918744665118716 0.081255334881284
	EndClassProb
	CutPoint
		0.500000000000000 NaN NaN 
	CutVar
		4184 0 0 

Model 94
	NumNodes 3
	Children
		2 3
		0 0
		0 0
	EndChildren
	ClassProb
		0.539133273668920 0.460866726331080
		0.647294193819280 0.352705806180720
		0.422267680709849 0.577732319290151
	EndClassProb
	CutPoint
		0.500000000000000 NaN NaN 
	CutVar
		8917 0 0 

Model 95
	NumNodes 3
	Children
		2 3
		0 0
		0 0
	EndChildren
	ClassProb
		0.536628257892118 0.463371742107882
		0.481260566921423 0.518739433078577
		0.799641487741186 0.200358512258814
	EndClassProb
	CutPoint
		0.500000000000000 NaN NaN 
	CutVar
		5485 0 0 

Model 96
	NumNodes 3
	Children
		2 3
		0 0
		0 0
	EndChildren
	ClassProb
		0.582211817744374 0.417788182255626
		0.129106783686546 0.870893216313454
		0.610082586318620 0.389917413681380
	EndClassProb
	CutPoint
		-0.821781934482834 NaN NaN 
	CutVar
		21603 0 0 

Model 97
	NumNodes 3
	Children
		2 3
		0 0
		0 0
	EndChildren
	ClassProb
		0.469620818105947 0.530379181894053
		0.846465591092346 0.153534408907654
		0.433088220630685 0.566911779369315
	EndClassProb
	CutPoint
		-0.359096873271514 NaN NaN 
	CutVar
		15372 0 0 

Model 98
	NumNodes 3
	Children
		2 3
		0 0
		0 0
	EndChildren
	ClassProb
		0.546609771171674 0.453390228828326
		0.035528700815749 0.964471299184251
		0.572166759256088 0.427833240743912
	EndClassProb
	CutPoint
		-1.473604235189419 NaN NaN 
	CutVar
		24193 0 0 

Model 99
	NumNodes 3
	Children
		2 3
		0 0
		0 0
	EndChildren
	ClassProb
		0.463198115301269 0.536801884698731
		1.000000000000000 0.000000000000000
		0.438052942015336 0.561947057984664
	EndClassProb
	CutPoint
		-0.817190369347912 NaN NaN 
	CutVar
		12745 0 0 

Model 100
	NumNodes 3
	Children
		2 3
		0 0
		0 0
	EndChildren
	ClassProb
		0.538471876443116 0.461528123556884
		0.564216161977177 0.435783838022823
		0.053406844316834 0.946593155683166
	EndClassProb
	CutPoint
		0.500000000000000 NaN NaN 
	CutVar
		706 0 0 

TrainedWeights
0.592858182735866 0.564193856613612 0.454791382118458 0.491558110889917 0.409489678186893 0.433594835797965 0.457057153308096 0.175850249889372 0.433232154233593 0.234355172058411 0.359809336854695 0.328547952593293 0.292363713897153 0.303203785837091 0.328663674624918 0.271379549837324 0.269849231610452 0.271875048403487 0.113977337669356 0.194987728701201 0.297312990264682 0.304008874570549 0.249696303599688 0.339545025831352 0.288920250898542 0.183777984344971 0.307851844674470 0.230984036218246 0.211226745449907 0.367777084245849 0.298318237511585 0.250513458999577 0.325228282337506 0.239860026493597 0.261769982175927 0.214554028285031 0.244250749703714 0.234594974907701 0.284847210744054 0.259972529616164 0.248065626858456 0.250999876239310 0.208150183435070 0.275272241419238 0.218806800401173 0.258819603808938 0.192077300304762 0.193218093834015 0.182958958206864 0.178669782125254 0.174825591626082 0.196819864653528 0.179892509378539 0.181319575558155 0.177581567850128 0.255694766674051 0.151543383094473 0.217072125184366 0.204612592909159 0.188391613909678 0.253886440274891 0.188464081171546 0.261406958685580 0.075012602518597 0.111789648192211 0.188380583983476 0.164455886515975 0.243699030395560 0.173294724522589 0.212829734061432 0.243673737146966 0.247284102242831 0.194645285393041 0.232967794084612 0.257287323813739 0.268278290876457 0.113409429179474 0.265806718362185 0.078954719524011 0.143098844917868 0.241641174733662 0.190854082539225 0.183849973767106 0.164702536618977 0.174521772223177 0.121685572252796 0.254978663763172 0.216444515868101 0.212268997907300 0.192700862327546 0.167510407640731 0.169801879207924 0.176341235720383 0.231780668033750 0.136011339604465 0.255830130228359 0.185328243476933 0.183740110485861 0.164566487106706 0.168553453071893 