Model 1
	NumNodes 3
	Children
		2 3
		0 0
		0 0
	EndChildren
	ClassProb
		0.471861471861471 0.528138528138529
		0.155240736241549 0.844759263758451
		0.873196865695615 0.126803134304386
	EndClassProb
	CutPoint
		0.065071730572354 NaN NaN 
	CutVar
		21726 0 0 

Model 2
	NumNodes 3
	Children
		2 3
		0 0
		0 0
	EndChildren
	ClassProb
		0.528652202537465 0.471347797462534
		0.834166567246956 0.165833432753044
		0.160526880555084 0.839473119444916
	EndClassProb
	CutPoint
		0.500000000000000 NaN NaN 
	CutVar
		4615 0 0 

Model 3
	NumNodes 3
	Children
		2 3
		0 0
		0 0
	EndChildren
	ClassProb
		0.495190196936761 0.504809803063239
		0.368673138928990 0.631326861071010
		1.000000000000000 0.000000000000000
	EndClassProb
	CutPoint
		0.500000000000000 NaN NaN 
	CutVar
		1966 0 0 

Model 4
	NumNodes 3
	Children
		2 3
		0 0
		0 0
	EndChildren
	ClassProb
		0.642084696696732 0.357915303303268
		0.000000000000000 1.000000000000000
		0.702241029714593 0.297758970285407
	EndClassProb
	CutPoint
		-1.533199557747976 NaN NaN 
	CutVar
		23590 0 0 

Model 5
	NumNodes 3
	Children
		2 3
		0 0
		0 0
	EndChildren
	ClassProb
		0.441144900450761 0.558855099549239
		0.352297381926655 0.647702618073345
		0.980072968107080 0.019927031892920
	EndClassProb
	CutPoint
		0.171650513700877 NaN NaN 
	CutVar
		14777 0 0 

Model 6
	NumNodes 3
	Children
		2 3
		0 0
		0 0
	EndChildren
	ClassProb
		0.595207040234391 0.404792959765609
		0.368936201207304 0.631063798792696
		0.771734790608193 0.228265209391807
	EndClassProb
	CutPoint
		0.500000000000000 NaN NaN 
	CutVar
		9041 0 0 

Model 7
	NumNodes 3
	Children
		2 3
		0 0
		0 0
	EndChildren
	ClassProb
		0.584112293321930 0.415887706678070
		0.739311197114709 0.260688802885291
		0.281618963475844 0.718381036524156
	EndClassProb
	CutPoint
		0.831112145090754 NaN NaN 
	CutVar
		19826 0 0 

Model 8
	NumNodes 3
	Children
		2 3
		0 0
		0 0
	EndChildren
	ClassProb
		0.511961179854540 0.488038820145460
		0.374964056693633 0.625035943306367
		0.957088223490448 0.042911776509552
	EndClassProb
	CutPoint
		1.109939299542852 NaN NaN 
	CutVar
		17170 0 0 

Model 9
	NumNodes 3
	Children
		2 3
		0 0
		0 0
	EndChildren
	ClassProb
		0.643146895330921 0.356853104669079
		0.710844205949420 0.289155794050580
		0.086856462699401 0.913143537300599
	EndClassProb
	CutPoint
		1.053182197457791 NaN NaN 
	CutVar
		21851 0 0 

Model 10
	NumNodes 3
	Children
		2 3
		0 0
		0 0
	EndChildren
	ClassProb
		0.450036240587567 0.549963759412433
		0.319948129089836 0.680051870910164
		0.797653075327987 0.202346924672013
	EndClassProb
	CutPoint
		1.093985537827855 NaN NaN 
	CutVar
		18963 0 0 

Model 11
	NumNodes 3
	Children
		2 3
		0 0
		0 0
	EndChildren
	ClassProb
		0.556832571601359 0.443167428398641
		0.173689723948521 0.826310276051479
		0.662825244077405 0.337174755922595
	EndClassProb
	CutPoint
		424.224495832000060 NaN NaN 
	CutVar
		25371 0 0 

Model 12
	NumNodes 3
	Children
		2 3
		0 0
		0 0
	EndChildren
	ClassProb
		0.434147976508827 0.565852023491173
		0.344114242003950 0.655885757996050
		1.000000000000000 0.000000000000000
	EndClassProb
	CutPoint
		0.500000000000000 NaN NaN 
	CutVar
		12322 0 0 

Model 13
	NumNodes 3
	Children
		2 3
		0 0
		0 0
	EndChildren
	ClassProb
		0.597614894160923 0.402385105839077
		0.789408901443758 0.210591098556242
		0.332039836621127 0.667960163378873
	EndClassProb
	CutPoint
		0.500000000000000 NaN NaN 
	CutVar
		5355 0 0 

Model 14
	NumNodes 3
	Children
		2 3
		0 0
		0 0
	EndChildren
	ClassProb
		0.576561157996880 0.423438842003120
		0.444007047331642 0.555992952668358
		0.925734831900621 0.074265168099379
	EndClassProb
	CutPoint
		0.860040865843737 NaN NaN 
	CutVar
		21726 0 0 

Model 15
	NumNodes 3
	Children
		2 3
		0 0
		0 0
	EndChildren
	ClassProb
		0.663789114416811 0.336210885583189
		0.718568065268883 0.281431934731117
		0.000000000000000 1.000000000000000
	EndClassProb
	CutPoint
		0.500000000000000 NaN NaN 
	CutVar
		1439 0 0 

Model 16
	NumNodes 3
	Children
		2 3
		0 0
		0 0
	EndChildren
	ClassProb
		0.448492458988035 0.551507541011965
		0.321065146932381 0.678934853067619
		0.829597212468860 0.170402787531140
	EndClassProb
	CutPoint
		0.500000000000000 NaN NaN 
	CutVar
		7205 0 0 

Model 17
	NumNodes 3
	Children
		2 3
		0 0
		0 0
	EndChildren
	ClassProb
		0.569670596519953 0.430329403480047
		0.782534593004531 0.217465406995469
		0.380770485488060 0.619229514511940
	EndClassProb
	CutPoint
		0.500000000000000 NaN NaN 
	CutVar
		9166 0 0 

Model 18
	NumNodes 3
	Children
		2 3
		0 0
		0 0
	EndChildren
	ClassProb
		0.596136538900201 0.403863461099799
		0.154397019076399 0.845602980923601
		0.706758999311748 0.293241000688252
	EndClassProb
	CutPoint
		-0.648899528682360 NaN NaN 
	CutVar
		25313 0 0 

Model 19
	NumNodes 3
	Children
		2 3
		0 0
		0 0
	EndChildren
	ClassProb
		0.442974224973523 0.557025775026477
		0.276305481456928 0.723694518543072
		0.672092164827577 0.327907835172423
	EndClassProb
	CutPoint
		0.500000000000000 NaN NaN 
	CutVar
		12502 0 0 

Model 20
	NumNodes 3
	Children
		2 3
		0 0
		0 0
	EndChildren
	ClassProb
		0.469935971838234 0.530064028161766
		0.344147596084037 0.655852403915963
		0.796917002855755 0.203082997144246
	EndClassProb
	CutPoint
		0.500000000000000 NaN NaN 
	CutVar
		8664 0 0 

Model 21
	NumNodes 3
	Children
		2 3
		0 0
		0 0
	EndChildren
	ClassProb
		0.566764661816888 0.433235338183112
		0.649912443971542 0.350087556028458
		0.042511136500529 0.957488863499471
	EndClassProb
	CutPoint
		0.089080587947466 NaN NaN 
	CutVar
		17300 0 0 

Model 22
	NumNodes 3
	Children
		2 3
		0 0
		0 0
	EndChildren
	ClassProb
		0.414744965775925 0.585255034224075
		0.100397330918027 0.899602669081973
		0.545713127935974 0.454286872064026
	EndClassProb
	CutPoint
		-0.518643864910564 NaN NaN 
	CutVar
		23463 0 0 

Model 23
	NumNodes 3
	Children
		2 3
		0 0
		0 0
	EndChildren
	ClassProb
		0.338572538349171 0.661427461650829
		0.263308076314703 0.736691923685297
		0.833035167022447 0.166964832977553
	EndClassProb
	CutPoint
		0.860040865843737 NaN NaN 
	CutVar
		21726 0 0 

Model 24
	NumNodes 3
	Children
		2 3
		0 0
		0 0
	EndChildren
	ClassProb
		0.529410922971531 0.470589077028469
		0.895609318889473 0.104390681110527
		0.404156573167154 0.595843426832846
	EndClassProb
	CutPoint
		-0.286394063171923 NaN NaN 
	CutVar
		18167 0 0 

Model 25
	NumNodes 3
	Children
		2 3
		0 0
		0 0
	EndChildren
	ClassProb
		0.629187340619577 0.370812659380423
		0.702741940624124 0.297258059375876
		0.020749573864947 0.979250426135053
	EndClassProb
	CutPoint
		0.500000000000000 NaN NaN 
	CutVar
		11889 0 0 

Model 26
	NumNodes 3
	Children
		2 3
		0 0
		0 0
	EndChildren
	ClassProb
		0.432098388205941 0.567901611794059
		0.335821946769424 0.664178053230576
		0.867187598588362 0.132812401411638
	EndClassProb
	CutPoint
		0.500000000000000 NaN NaN 
	CutVar
		4486 0 0 

Model 27
	NumNodes 3
	Children
		2 3
		0 0
		0 0
	EndChildren
	ClassProb
		0.571841586793800 0.428158413206200
		0.046152076332638 0.953847923667362
		0.646153147513769 0.353846852486231
	EndClassProb
	CutPoint
		-0.896022723941260 NaN NaN 
	CutVar
		16215 0 0 

Model 28
	NumNodes 3
	Children
		2 3
		0 0
		0 0
	EndChildren
	ClassProb
		0.422727955471776 0.577272044528224
		0.359152054219838 0.640847945780162
		1.000000000000000 0.000000000000000
	EndClassProb
	CutPoint
		0.500000000000000 NaN NaN 
	CutVar
		12322 0 0 

Model 29
	NumNodes 3
	Children
		2 3
		0 0
		0 0
	EndChildren
	ClassProb
		0.573325306586606 0.426674693413395
		0.107917541702846 0.892082458297154
		0.674420219473445 0.325579780526555
	EndClassProb
	CutPoint
		424.224495832000060 NaN NaN 
	CutVar
		25371 0 0 

Model 30
	NumNodes 3
	Children
		2 3
		0 0
		0 0
	EndChildren
	ClassProb
		0.421984900675964 0.578015099324036
		0.530459935323245 0.469540064676755
		0.000000000000000 1.000000000000000
	EndClassProb
	CutPoint
		0.500000000000000 NaN NaN 
	CutVar
		298 0 0 

Model 31
	NumNodes 3
	Children
		2 3
		0 0
		0 0
	EndChildren
	ClassProb
		0.336791842516523 0.663208157483477
		0.286088263308985 0.713911736691015
		0.994139557995752 0.005860442004248
	EndClassProb
	CutPoint
		0.500000000000000 NaN NaN 
	CutVar
		12445 0 0 

Model 32
	NumNodes 3
	Children
		2 3
		0 0
		0 0
	EndChildren
	ClassProb
		0.547707415221314 0.452292584778686
		0.689062216979338 0.310937783020662
		0.210786613097879 0.789213386902121
	EndClassProb
	CutPoint
		0.831112145090754 NaN NaN 
	CutVar
		19826 0 0 

Model 33
	NumNodes 3
	Children
		2 3
		0 0
		0 0
	EndChildren
	ClassProb
		0.448435017147551 0.551564982852449
		0.298772253932133 0.701227746067867
		0.774006124714926 0.225993875285074
	EndClassProb
	CutPoint
		0.408132733633355 NaN NaN 
	CutVar
		21726 0 0 

Model 34
	NumNodes 3
	Children
		2 3
		0 0
		0 0
	EndChildren
	ClassProb
		0.539301868933126 0.460698131066874
		0.077280166408251 0.922719833591749
		0.639595365463451 0.360404634536549
	EndClassProb
	CutPoint
		-1.028873683031447 NaN NaN 
	CutVar
		15251 0 0 

Model 35
	NumNodes 3
	Children
		2 3
		0 0
		0 0
	EndChildren
	ClassProb
		0.402997295623898 0.597002704376102
		0.316472112084067 0.683527887915933
		0.886169788576586 0.113830211423414
	EndClassProb
	CutPoint
		1.109939299542852 NaN NaN 
	CutVar
		17170 0 0 

Model 36
	NumNodes 3
	Children
		2 3
		0 0
		0 0
	EndChildren
	ClassProb
		0.563954149058004 0.436045850941996
		0.658486905304215 0.341513094695785
		0.063510869663038 0.936489130336962
	EndClassProb
	CutPoint
		0.035057633484684 NaN NaN 
	CutVar
		22722 0 0 

Model 37
	NumNodes 3
	Children
		2 3
		0 0
		0 0
	EndChildren
	ClassProb
		0.411088967457154 0.588911032542846
		0.346606215797028 0.653393784202972
		0.993247859309032 0.006752140690969
	EndClassProb
	CutPoint
		0.500000000000000 NaN NaN 
	CutVar
		4732 0 0 

Model 38
	NumNodes 3
	Children
		2 3
		0 0
		0 0
	EndChildren
	ClassProb
		0.570979639976704 0.429020360023296
		0.643483111702333 0.356516888297667
		0.000000000000000 1.000000000000000
	EndClassProb
	CutPoint
		0.500000000000000 NaN NaN 
	CutVar
		592 0 0 

Model 39
	NumNodes 3
	Children
		2 3
		0 0
		0 0
	EndChildren
	ClassProb
		0.417594563675962 0.582405436324038
		0.353105837145464 0.646894162854536
		1.000000000000000 0.000000000000000
	EndClassProb
	CutPoint
		0.500000000000000 NaN NaN 
	CutVar
		12322 0 0 

Model 40
	NumNodes 3
	Children
		2 3
		0 0
		0 0
	EndChildren
	ClassProb
		0.573076136650721 0.426923863349279
		0.108979930513061 0.891020069486939
		0.674277563032022 0.325722436967978
	EndClassProb
	CutPoint
		424.224495832000060 NaN NaN 
	CutVar
		25371 0 0 

Model 41
	NumNodes 3
	Children
		2 3
		0 0
		0 0
	EndChildren
	ClassProb
		0.422150666927839 0.577849333072161
		0.590804151258868 0.409195848741132
		0.147348762419472 0.852651237580528
	EndClassProb
	CutPoint
		0.500000000000000 NaN NaN 
	CutVar
		4615 0 0 

Model 42
	NumNodes 3
	Children
		2 3
		0 0
		0 0
	EndChildren
	ClassProb
		0.355648047508822 0.644351952491178
		0.292391770237606 0.707608229762394
		0.949992394128910 0.050007605871090
	EndClassProb
	CutPoint
		1.466666024514727 NaN NaN 
	CutVar
		18963 0 0 

Model 43
	NumNodes 3
	Children
		2 3
		0 0
		0 0
	EndChildren
	ClassProb
		0.553572778244458 0.446427221755542
		0.637326793258027 0.362673206741973
		0.000000000000000 1.000000000000000
	EndClassProb
	CutPoint
		0.500000000000000 NaN NaN 
	CutVar
		298 0 0 

Model 44
	NumNodes 3
	Children
		2 3
		0 0
		0 0
	EndChildren
	ClassProb
		0.404075195118528 0.595924804881472
		0.353499354048875 0.646500645951125
		1.000000000000000 0.000000000000000
	EndClassProb
	CutPoint
		0.126601359909085 NaN NaN 
	CutVar
		23586 0 0 

Model 45
	NumNodes 3
	Children
		2 3
		0 0
		0 0
	EndChildren
	ClassProb
		0.558020895246039 0.441979104753961
		0.000000000000000 1.000000000000000
		0.616364124651074 0.383635875348926
	EndClassProb
	CutPoint
		-0.158842594514028 NaN NaN 
	CutVar
		22105 0 0 

Model 46
	NumNodes 3
	Children
		2 3
		0 0
		0 0
	EndChildren
	ClassProb
		0.427485616809842 0.572514383190158
		0.258934539473809 0.741065460526191
		0.620847973949807 0.379152026050193
	EndClassProb
	CutPoint
		0.500000000000000 NaN NaN 
	CutVar
		9041 0 0 

Model 47
	NumNodes 3
	Children
		2 3
		0 0
		0 0
	EndChildren
	ClassProb
		0.430675247887108 0.569324752112892
		0.628300027838274 0.371699972161726
		0.225151698536949 0.774848301463052
	EndClassProb
	CutPoint
		0.500000000000000 NaN NaN 
	CutVar
		10778 0 0 

Model 48
	NumNodes 3
	Children
		2 3
		0 0
		0 0
	EndChildren
	ClassProb
		0.412779348687135 0.587220651312865
		0.344584675856665 0.655415324143335
		0.990582364892321 0.009417635107679
	EndClassProb
	CutPoint
		0.500000000000000 NaN NaN 
	CutVar
		4732 0 0 

Model 49
	NumNodes 3
	Children
		2 3
		0 0
		0 0
	EndChildren
	ClassProb
		0.574080796755415 0.425919203244585
		0.644156736230638 0.355843263769362
		0.000120418133083 0.999879581866917
	EndClassProb
	CutPoint
		0.500000000000000 NaN NaN 
	CutVar
		1261 0 0 

Model 50
	NumNodes 3
	Children
		2 3
		0 0
		0 0
	EndChildren
	ClassProb
		0.420360105130075 0.579639894869925
		0.341353019643108 0.658646980356892
		0.917978031173422 0.082021968826578
	EndClassProb
	CutPoint
		0.042027874121047 NaN NaN 
	CutVar
		25187 0 0 

Model 51
	NumNodes 3
	Children
		2 3
		0 0
		0 0
	EndChildren
	ClassProb
		0.572220638157375 0.427779361842625
		0.000000000000000 1.000000000000000
		0.632712987548191 0.367287012451809
	EndClassProb
	CutPoint
		227.641476331999970 NaN NaN 
	CutVar
		25371 0 0 

Model 52
	NumNodes 3
	Children
		2 3
		0 0
		0 0
	EndChildren
	ClassProb
		0.428418837985436 0.571581162014564
		0.571738397183557 0.428261602816443
		0.168080553991873 0.831919446008127
	EndClassProb
	CutPoint
		0.831112145090754 NaN NaN 
	CutVar
		19826 0 0 

Model 53
	NumNodes 3
	Children
		2 3
		0 0
		0 0
	EndChildren
	ClassProb
		0.366454500529603 0.633545499470398
		0.303029513105694 0.696970486894306
		0.990356670775361 0.009643329224639
	EndClassProb
	CutPoint
		0.500000000000000 NaN NaN 
	CutVar
		3702 0 0 

Model 54
	NumNodes 3
	Children
		2 3
		0 0
		0 0
	EndChildren
	ClassProb
		0.561497045335350 0.438502954664650
		0.629447816999799 0.370552183000201
		0.008002432350349 0.991997567649651
	EndClassProb
	CutPoint
		0.500000000000000 NaN NaN 
	CutVar
		11889 0 0 

Model 55
	NumNodes 3
	Children
		2 3
		0 0
		0 0
	EndChildren
	ClassProb
		0.420265710030446 0.579734289969554
		0.985876852801175 0.014123147198825
		0.364079241741411 0.635920758258589
	EndClassProb
	CutPoint
		-0.004696776220827 NaN NaN 
	CutVar
		18478 0 0 

Model 56
	NumNodes 3
	Children
		2 3
		0 0
		0 0
	EndChildren
	ClassProb
		0.564806803667343 0.435193196332657
		0.653759032474664 0.346240967525336
		0.179435422320983 0.820564577679017
	EndClassProb
	CutPoint
		0.500000000000000 NaN NaN 
	CutVar
		1259 0 0 

Model 57
	NumNodes 3
	Children
		2 3
		0 0
		0 0
	EndChildren
	ClassProb
		0.441102531419654 0.558897468580346
		0.992120133528368 0.007879866471632
		0.382057316678427 0.617942683321573
	EndClassProb
	CutPoint
		-0.033586898324823 NaN NaN 
	CutVar
		21603 0 0 

Model 58
	NumNodes 3
	Children
		2 3
		0 0
		0 0
	EndChildren
	ClassProb
		0.572291638594048 0.427708361405952
		0.000000000000000 1.000000000000000
		0.636367727358570 0.363632272641430
	EndClassProb
	CutPoint
		227.641476331999970 NaN NaN 
	CutVar
		25371 0 0 

Model 59
	NumNodes 3
	Children
		2 3
		0 0
		0 0
	EndChildren
	ClassProb
		0.425190903226710 0.574809096773290
		0.361252229888343 0.638747770111657
		0.987119999689386 0.012880000310614
	EndClassProb
	CutPoint
		1.670630556804425 NaN NaN 
	CutVar
		22597 0 0 

Model 60
	NumNodes 3
	Children
		2 3
		0 0
		0 0
	EndChildren
	ClassProb
		0.572752584733952 0.427247415266048
		0.098825125547276 0.901174874452724
		0.653750992657666 0.346249007342334
	EndClassProb
	CutPoint
		-1.032007278929872 NaN NaN 
	CutVar
		18040 0 0 

Model 61
	NumNodes 3
	Children
		2 3
		0 0
		0 0
	EndChildren
	ClassProb
		0.427919860001933 0.572080139998067
		0.288834536860143 0.711165463139857
		0.746246424447930 0.253753575552070
	EndClassProb
	CutPoint
		0.408132733633355 NaN NaN 
	CutVar
		21726 0 0 

Model 62
	NumNodes 3
	Children
		2 3
		0 0
		0 0
	EndChildren
	ClassProb
		0.518485789300448 0.481514210699552
		0.114185067935615 0.885814932064385
		0.637035760748929 0.362964239251071
	EndClassProb
	CutPoint
		-0.380112777538191 NaN NaN 
	CutVar
		16215 0 0 

Model 63
	NumNodes 3
	Children
		2 3
		0 0
		0 0
	EndChildren
	ClassProb
		0.397408138217178 0.602591861782822
		0.330580572450428 0.669419427549572
		0.945754977207871 0.054245022792129
	EndClassProb
	CutPoint
		0.171650513700877 NaN NaN 
	CutVar
		14777 0 0 

Model 64
	NumNodes 3
	Children
		2 3
		0 0
		0 0
	EndChildren
	ClassProb
		0.563641172561213 0.436358827438787
		0.680249570943488 0.319750429056512
		0.230027847795034 0.769972152204966
	EndClassProb
	CutPoint
		0.013958714754303 NaN NaN 
	CutVar
		21851 0 0 

Model 65
	NumNodes 3
	Children
		2 3
		0 0
		0 0
	EndChildren
	ClassProb
		0.458724432850366 0.541275567149634
		0.393301382679584 0.606698617320416
		1.000000000000000 0.000000000000000
	EndClassProb
	CutPoint
		0.500000000000000 NaN NaN 
	CutVar
		12322 0 0 

Model 66
	NumNodes 3
	Children
		2 3
		0 0
		0 0
	EndChildren
	ClassProb
		0.583063348282251 0.416936651717748
		0.059116262816907 0.940883737183093
		0.655942028935724 0.344057971064276
	EndClassProb
	CutPoint
		-0.432040485948945 NaN NaN 
	CutVar
		18963 0 0 

Model 67
	NumNodes 3
	Children
		2 3
		0 0
		0 0
	EndChildren
	ClassProb
		0.428504669411026 0.571495330588974
		0.366300566082928 0.633699433917072
		0.998786196084120 0.001213803915880
	EndClassProb
	CutPoint
		0.500000000000000 NaN NaN 
	CutVar
		12445 0 0 

Model 68
	NumNodes 3
	Children
		2 3
		0 0
		0 0
	EndChildren
	ClassProb
		0.573167985089103 0.426832014910897
		0.687649557637028 0.312350442362972
		0.275943555368127 0.724056444631873
	EndClassProb
	CutPoint
		0.831112145090754 NaN NaN 
	CutVar
		19826 0 0 

Model 69
	NumNodes 3
	Children
		2 3
		0 0
		0 0
	EndChildren
	ClassProb
		0.482671862261173 0.517328137738827
		0.368791278625192 0.631208721374808
		0.784129514731627 0.215870485268373
	EndClassProb
	CutPoint
		0.408132733633355 NaN NaN 
	CutVar
		21726 0 0 

Model 70
	NumNodes 3
	Children
		2 3
		0 0
		0 0
	EndChildren
	ClassProb
		0.569157609120115 0.430842390879885
		0.093709034025141 0.906290965974859
		0.651165347441451 0.348834652558549
	EndClassProb
	CutPoint
		-1.032007278929872 NaN NaN 
	CutVar
		18040 0 0 

Model 71
	NumNodes 3
	Children
		2 3
		0 0
		0 0
	EndChildren
	ClassProb
		0.425346648283725 0.574653351716275
		0.347387954833366 0.652612045166634
		0.933057429080980 0.066942570919020
	EndClassProb
	CutPoint
		0.557196017505331 NaN NaN 
	CutVar
		25187 0 0 

Model 72
	NumNodes 3
	Children
		2 3
		0 0
		0 0
	EndChildren
	ClassProb
		0.575637770811816 0.424362229188184
		0.182512717993514 0.817487282006486
		0.674462305285018 0.325537694714982
	EndClassProb
	CutPoint
		424.224495832000060 NaN NaN 
	CutVar
		25371 0 0 

Model 73
	NumNodes 3
	Children
		2 3
		0 0
		0 0
	EndChildren
	ClassProb
		0.444996786302788 0.555003213697212
		0.360458755796755 0.639541244203245
		0.993461285253870 0.006538714746130
	EndClassProb
	CutPoint
		0.500000000000000 NaN NaN 
	CutVar
		4732 0 0 

Model 74
	NumNodes 3
	Children
		2 3
		0 0
		0 0
	EndChildren
	ClassProb
		0.595195974997470 0.404804025002530
		0.668333460914495 0.331666539085505
		0.017544210735065 0.982455789264934
	EndClassProb
	CutPoint
		0.074830204503022 NaN NaN 
	CutVar
		15009 0 0 

Model 75
	NumNodes 3
	Children
		2 3
		0 0
		0 0
	EndChildren
	ClassProb
		0.424868823747391 0.575131176252609
		0.364198896681740 0.635801103318260
		1.000000000000000 0.000000000000000
	EndClassProb
	CutPoint
		0.500000000000000 NaN NaN 
	CutVar
		12443 0 0 

Model 76
	NumNodes 3
	Children
		2 3
		0 0
		0 0
	EndChildren
	ClassProb
		0.571152219551389 0.428847780448611
		0.634636216916594 0.365363783083406
		0.000000000000000 1.000000000000000
	EndClassProb
	CutPoint
		0.500000000000000 NaN NaN 
	CutVar
		298 0 0 

Model 77
	NumNodes 3
	Children
		2 3
		0 0
		0 0
	EndChildren
	ClassProb
		0.425480898279544 0.574519101720456
		0.577180693936555 0.422819306063445
		0.173203212399669 0.826796787600331
	EndClassProb
	CutPoint
		0.500000000000000 NaN NaN 
	CutVar
		4615 0 0 

Model 78
	NumNodes 3
	Children
		2 3
		0 0
		0 0
	EndChildren
	ClassProb
		0.367438690292183 0.632561309707817
		0.300159185947132 0.699840814052868
		0.945866056656271 0.054133943343729
	EndClassProb
	CutPoint
		1.466666024514727 NaN NaN 
	CutVar
		18963 0 0 

Model 79
	NumNodes 3
	Children
		2 3
		0 0
		0 0
	EndChildren
	ClassProb
		0.557650961912266 0.442349038087734
		0.146484076708434 0.853515923291566
		0.646089570048815 0.353910429951185
	EndClassProb
	CutPoint
		424.224495832000060 NaN NaN 
	CutVar
		25371 0 0 

Model 80
	NumNodes 3
	Children
		2 3
		0 0
		0 0
	EndChildren
	ClassProb
		0.430238085620520 0.569761914379480
		0.946301843088880 0.053698156911120
		0.362999469811695 0.637000530188305
	EndClassProb
	CutPoint
		-0.767316672002158 NaN NaN 
	CutVar
		17171 0 0 

Model 81
	NumNodes 3
	Children
		2 3
		0 0
		0 0
	EndChildren
	ClassProb
		0.571628839751122 0.428371160248878
		0.645585193255620 0.354414806744380
		0.010638628628604 0.989361371371396
	EndClassProb
	CutPoint
		0.500000000000000 NaN NaN 
	CutVar
		4913 0 0 

Model 82
	NumNodes 3
	Children
		2 3
		0 0
		0 0
	EndChildren
	ClassProb
		0.417932901562177 0.582067098437823
		0.029022901815221 0.970977098184779
		0.516115287383447 0.483884712616553
	EndClassProb
	CutPoint
		-0.904116946626317 NaN NaN 
	CutVar
		24432 0 0 

Model 83
	NumNodes 3
	Children
		2 3
		0 0
		0 0
	EndChildren
	ClassProb
		0.346452905689385 0.653547094310615
		1.000000000000000 0.000000000000000
		0.301160079086580 0.698839920913420
	EndClassProb
	CutPoint
		-0.987047672221819 NaN NaN 
	CutVar
		20970 0 0 

Model 84
	NumNodes 3
	Children
		2 3
		0 0
		0 0
	EndChildren
	ClassProb
		0.545110793157066 0.454889206842934
		0.000000000000000 1.000000000000000
		0.607930673260681 0.392069326739319
	EndClassProb
	CutPoint
		-0.158842594514028 NaN NaN 
	CutVar
		22105 0 0 

Model 85
	NumNodes 3
	Children
		2 3
		0 0
		0 0
	EndChildren
	ClassProb
		0.420321697196303 0.579678302803697
		0.308698081341030 0.691301918658970
		0.681785633382899 0.318214366617101
	EndClassProb
	CutPoint
		0.408132733633355 NaN NaN 
	CutVar
		21726 0 0 

Model 86
	NumNodes 3
	Children
		2 3
		0 0
		0 0
	EndChildren
	ClassProb
		0.495348561454072 0.504651438545928
		0.029809160074858 0.970190839925141
		0.586983220769844 0.413016779230156
	EndClassProb
	CutPoint
		-0.896022723941260 NaN NaN 
	CutVar
		16215 0 0 

Model 87
	NumNodes 3
	Children
		2 3
		0 0
		0 0
	EndChildren
	ClassProb
		0.384265973397390 0.615734026602610
		0.328287381527015 0.671712618472985
		1.000000000000000 0.000000000000000
	EndClassProb
	CutPoint
		0.500000000000000 NaN NaN 
	CutVar
		12322 0 0 

Model 88
	NumNodes 3
	Children
		2 3
		0 0
		0 0
	EndChildren
	ClassProb
		0.559605603937222 0.440394396062778
		0.682565032559854 0.317434967440146
		0.273172551511098 0.726827448488902
	EndClassProb
	CutPoint
		0.500000000000000 NaN NaN 
	CutVar
		11027 0 0 

Model 89
	NumNodes 3
	Children
		2 3
		0 0
		0 0
	EndChildren
	ClassProb
		0.478025742702909 0.521974257297091
		0.612457447348889 0.387542552651111
		0.207385477568479 0.792614522431521
	EndClassProb
	CutPoint
		0.831112145090754 NaN NaN 
	CutVar
		19826 0 0 

Model 90
	NumNodes 3
	Children
		2 3
		0 0
		0 0
	EndChildren
	ClassProb
		0.409348479527003 0.590651520472997
		0.327576659664767 0.672423340335233
		0.841741134314678 0.158258865685322
	EndClassProb
	CutPoint
		1.109939299542852 NaN NaN 
	CutVar
		17170 0 0 

Model 91
	NumNodes 3
	Children
		2 3
		0 0
		0 0
	EndChildren
	ClassProb
		0.553851247119632 0.446148752880368
		0.620776909053014 0.379223090946986
		0.000000000000000 1.000000000000000
	EndClassProb
	CutPoint
		0.500000000000000 NaN NaN 
	CutVar
		298 0 0 

Model 92
	NumNodes 3
	Children
		2 3
		0 0
		0 0
	EndChildren
	ClassProb
		0.418531121107623 0.581468878892377
		0.266988103484160 0.733011896515840
		0.633881015749526 0.366118984250474
	EndClassProb
	CutPoint
		843.440768115999960 NaN NaN 
	CutVar
		25371 0 0 

Model 93
	NumNodes 3
	Children
		2 3
		0 0
		0 0
	EndChildren
	ClassProb
		0.443613372807745 0.556386627192255
		0.528225394834572 0.471774605165428
		0.013896766993921 0.986103233006079
	EndClassProb
	CutPoint
		0.500000000000000 NaN NaN 
	CutVar
		11889 0 0 

Model 94
	NumNodes 3
	Children
		2 3
		0 0
		0 0
	EndChildren
	ClassProb
		0.368492344432957 0.631507655567043
		0.314514514264958 0.685485485735042
		0.999872272635402 0.000127727364598
	EndClassProb
	CutPoint
		0.500000000000000 NaN NaN 
	CutVar
		5483 0 0 

Model 95
	NumNodes 3
	Children
		2 3
		0 0
		0 0
	EndChildren
	ClassProb
		0.555420152604378 0.444579847395622
		0.620628594237758 0.379371405762242
		0.049606861683497 0.950393138316504
	EndClassProb
	CutPoint
		0.089080587947466 NaN NaN 
	CutVar
		17300 0 0 

Model 96
	NumNodes 3
	Children
		2 3
		0 0
		0 0
	EndChildren
	ClassProb
		0.425854361886281 0.574145638113719
		0.351437812766219 0.648562187233781
		0.878010890015380 0.121989109984620
	EndClassProb
	CutPoint
		0.860040865843737 NaN NaN 
	CutVar
		21726 0 0 

Model 97
	NumNodes 3
	Children
		2 3
		0 0
		0 0
	EndChildren
	ClassProb
		0.564084126108446 0.435915873891554
		0.888983558550165 0.111016441449835
		0.459670909083441 0.540329090916559
	EndClassProb
	CutPoint
		-0.286394063171923 NaN NaN 
	CutVar
		18167 0 0 

Model 98
	NumNodes 3
	Children
		2 3
		0 0
		0 0
	EndChildren
	ClassProb
		0.636920710714744 0.363079289285256
		0.689106663862604 0.310893336137396
		0.000000000000000 1.000000000000000
	EndClassProb
	CutPoint
		0.500000000000000 NaN NaN 
	CutVar
		1439 0 0 

Model 99
	NumNodes 3
	Children
		2 3
		0 0
		0 0
	EndChildren
	ClassProb
		0.446867465161040 0.553132534838960
		0.360308654305233 0.639691345694767
		0.895715091797430 0.104284908202570
	EndClassProb
	CutPoint
		0.042027874121047 NaN NaN 
	CutVar
		25187 0 0 

Model 100
	NumNodes 3
	Children
		2 3
		0 0
		0 0
	EndChildren
	ClassProb
		0.579875804388085 0.420124195611915
		0.074003285311707 0.925996714688293
		0.647195699937422 0.352804300062578
	EndClassProb
	CutPoint
		-0.590604486446324 NaN NaN 
	CutVar
		22351 0 0 

TrainedWeights
0.896523039025346 0.816474553699205 0.436112503563999 0.491613531037728 0.411192011818675 0.447899145523255 0.502942300128845 0.431246234400295 0.504417119122527 0.452746259666077 0.419492612364261 0.431105708468315 0.519042556245952 0.326603040229226 0.523043020487943 0.464045015646778 0.414188753253098 0.508955573151553 0.428334826258651 0.411901381336478 0.404782715533906 0.309063989137696 0.547759234496629 0.359174633343224 0.503835414661747 0.425938416768709 0.386713782107512 0.368816292099977 0.455642423944514 0.258566919920835 0.507452227134592 0.468917150630177 0.482564240489874 0.400276874080916 0.458192524016361 0.429991933305228 0.393725728107885 0.385305625485259 0.381708636439745 0.455193903810239 0.400969192325790 0.499657248660351 0.388393741317259 0.363519015551675 0.315415747199718 0.388602749419251 0.423978796434974 0.401924448208351 0.383477950555898 0.409866330149458 0.349190049180624 0.340845981350205 0.482304106691992 0.352036376586986 0.348547228912138 0.388517861502377 0.318682610588217 0.360851656604161 0.363934554876828 0.399745567165070 0.476784928228564 0.408133565547799 0.422312225327543 0.431981356492514 0.307564881710790 0.401782138080375 0.353200039557712 0.418357927693052 0.361205473253613 0.397017422576584 0.399924641148169 0.431276222493085 0.392618176506514 0.432334916797241 0.355345856263489 0.356773234294333 0.356164093503961 0.485893254112359 0.383352150293989 0.360107611852330 0.389876875581680 0.219039103779696 0.468166983708047 0.306104953884064 0.396452506780016 0.309534533820095 0.421439314155427 0.413828001202097 0.359181382456749 0.422105469394681 0.335351979066238 0.404898990384183 0.210140977536382 0.448289926786814 0.327833593268424 0.379158947036506 0.255680381977759 0.454146116131974 0.379375586093395 0.376748324070793 