Model 1
	NumNodes 3
	Children
		2 3
		0 0
		0 0
	EndChildren
	ClassProb
		0.500000000000000 0.500000000000000
		0.111111111111111 0.888888888888889
		0.937500000000000 0.062500000000000
	EndClassProb
	CutPoint
		0.500000000000000 NaN NaN 
	CutVar
		7270 0 0 

Model 2
	NumNodes 3
	Children
		2 3
		0 0
		0 0
	EndChildren
	ClassProb
		0.575268817204301 0.424731182795699
		0.803504380475595 0.196495619524405
		0.000000000000000 1.000000000000000
	EndClassProb
	CutPoint
		0.083853026710830 NaN NaN 
	CutVar
		18900 0 0 

Model 3
	NumNodes 3
	Children
		2 3
		0 0
		0 0
	EndChildren
	ClassProb
		0.334723670490093 0.665276329509907
		0.153621650305121 0.846378349694879
		1.000000000000000 0.000000000000000
	EndClassProb
	CutPoint
		0.083853026710830 NaN NaN 
	CutVar
		19826 0 0 

Model 4
	NumNodes 3
	Children
		2 3
		0 0
		0 0
	EndChildren
	ClassProb
		0.621679316888046 0.378320683111954
		0.855492326363401 0.144507673636599
		0.066831697824302 0.933168302175698
	EndClassProb
	CutPoint
		0.500000000000000 NaN NaN 
	CutVar
		5358 0 0 

Model 5
	NumNodes 3
	Children
		2 3
		0 0
		0 0
	EndChildren
	ClassProb
		0.424095968979772 0.575904031020228
		0.075424889634794 0.924575110365206
		0.715379158040976 0.284620841959024
	EndClassProb
	CutPoint
		0.500000000000000 NaN NaN 
	CutVar
		8162 0 0 

Model 6
	NumNodes 3
	Children
		2 3
		0 0
		0 0
	EndChildren
	ClassProb
		0.331047177662260 0.668952822337740
		0.224977057785277 0.775022942214723
		0.973094615511565 0.026905384488435
	EndClassProb
	CutPoint
		0.038904179750432 NaN NaN 
	CutVar
		24315 0 0 

Model 7
	NumNodes 3
	Children
		2 3
		0 0
		0 0
	EndChildren
	ClassProb
		0.576209240315136 0.423790759684864
		0.750430571187071 0.249569428812929
		0.000000000000000 1.000000000000000
	EndClassProb
	CutPoint
		0.169087484831897 NaN NaN 
	CutVar
		16568 0 0 

Model 8
	NumNodes 3
	Children
		2 3
		0 0
		0 0
	EndChildren
	ClassProb
		0.356401450463600 0.643598549536400
		0.128215736692362 0.871784263307638
		0.754792580968519 0.245207419031481
	EndClassProb
	CutPoint
		0.500000000000000 NaN NaN 
	CutVar
		9166 0 0 

Model 9
	NumNodes 3
	Children
		2 3
		0 0
		0 0
	EndChildren
	ClassProb
		0.404372300387250 0.595627699612751
		0.252512617113323 0.747487382886677
		0.993611568885434 0.006388431114566
	EndClassProb
	CutPoint
		0.500000000000000 NaN NaN 
	CutVar
		7271 0 0 

Model 10
	NumNodes 3
	Children
		2 3
		0 0
		0 0
	EndChildren
	ClassProb
		0.624344069956520 0.375655930043480
		0.773084504446055 0.226915495553945
		0.000000000000000 1.000000000000000
	EndClassProb
	CutPoint
		0.500000000000000 NaN NaN 
	CutVar
		5357 0 0 

Model 11
	NumNodes 3
	Children
		2 3
		0 0
		0 0
	EndChildren
	ClassProb
		0.382215865180774 0.617784134819226
		0.692434266973433 0.307565733026567
		0.133114099451809 0.866885900548191
	EndClassProb
	CutPoint
		0.500000000000000 NaN NaN 
	CutVar
		7021 0 0 

Model 12
	NumNodes 3
	Children
		2 3
		0 0
		0 0
	EndChildren
	ClassProb
		0.370491734526736 0.629508265473264
		0.166386829139185 0.833613170860815
		0.826420346627975 0.173579653372025
	EndClassProb
	CutPoint
		0.500000000000000 NaN NaN 
	CutVar
		6278 0 0 

Model 13
	NumNodes 3
	Children
		2 3
		0 0
		0 0
	EndChildren
	ClassProb
		0.494519787660045 0.505480212339955
		0.309257781543160 0.690742218456840
		0.960315059309230 0.039684940690770
	EndClassProb
	CutPoint
		0.500000000000000 NaN NaN 
	CutVar
		4734 0 0 

Model 14
	NumNodes 3
	Children
		2 3
		0 0
		0 0
	EndChildren
	ClassProb
		0.653753014394444 0.346246985605556
		0.790772728221415 0.209227271778585
		0.000000000000000 1.000000000000000
	EndClassProb
	CutPoint
		0.010176941697072 NaN NaN 
	CutVar
		17918 0 0 

Model 15
	NumNodes 3
	Children
		2 3
		0 0
		0 0
	EndChildren
	ClassProb
		0.395243228254368 0.604756771745632
		0.250254654180792 0.749745345819208
		0.979900844754034 0.020099155245966
	EndClassProb
	CutPoint
		0.521800304330140 NaN NaN 
	CutVar
		19955 0 0 

Model 16
	NumNodes 3
	Children
		2 3
		0 0
		0 0
	EndChildren
	ClassProb
		0.612625474347952 0.387374525652048
		0.732259355082004 0.267740644917996
		0.000000000000000 1.000000000000000
	EndClassProb
	CutPoint
		0.000133858416340 NaN NaN 
	CutVar
		16218 0 0 

Model 17
	NumNodes 3
	Children
		2 3
		0 0
		0 0
	EndChildren
	ClassProb
		0.394731966802530 0.605268033197470
		0.234188837226924 0.765811162773076
		0.783873433026633 0.216126566973367
	EndClassProb
	CutPoint
		0.500000000000000 NaN NaN 
	CutVar
		5482 0 0 

Model 18
	NumNodes 3
	Children
		2 3
		0 0
		0 0
	EndChildren
	ClassProb
		0.510578886115735 0.489421113884265
		0.702288372513016 0.297711627486984
		0.142053668126210 0.857946331873790
	EndClassProb
	CutPoint
		0.500000000000000 NaN NaN 
	CutVar
		5233 0 0 

Model 19
	NumNodes 3
	Children
		2 3
		0 0
		0 0
	EndChildren
	ClassProb
		0.405144311767500 0.594855688232500
		0.248649375262490 0.751350624737509
		0.915688294991476 0.084311705008524
	EndClassProb
	CutPoint
		0.500000000000000 NaN NaN 
	CutVar
		1320 0 0 

Model 20
	NumNodes 3
	Children
		2 3
		0 0
		0 0
	EndChildren
	ClassProb
		0.588909741513827 0.411090258486173
		0.689755522172091 0.310244477827909
		0.020463363354844 0.979536636645156
	EndClassProb
	CutPoint
		0.500000000000000 NaN NaN 
	CutVar
		3532 0 0 

Model 21
	NumNodes 3
	Children
		2 3
		0 0
		0 0
	EndChildren
	ClassProb
		0.405163865574830 0.594836134425170
		0.204502008042171 0.795497991957829
		0.798531115041057 0.201468884958943
	EndClassProb
	CutPoint
		0.500000000000000 NaN NaN 
	CutVar
		7270 0 0 

Model 22
	NumNodes 3
	Children
		2 3
		0 0
		0 0
	EndChildren
	ClassProb
		0.502093115975477 0.497906884024523
		0.324801326309821 0.675198673690179
		0.876327673806738 0.123672326193262
	EndClassProb
	CutPoint
		0.500000000000000 NaN NaN 
	CutVar
		4485 0 0 

Model 23
	NumNodes 3
	Children
		2 3
		0 0
		0 0
	EndChildren
	ClassProb
		0.613967319939513 0.386032680060487
		0.724619792222844 0.275380207777156
		0.049940222860677 0.950059777139322
	EndClassProb
	CutPoint
		0.500000000000000 NaN NaN 
	CutVar
		3533 0 0 

Model 24
	NumNodes 3
	Children
		2 3
		0 0
		0 0
	EndChildren
	ClassProb
		0.414881146927913 0.585118853072087
		0.260639393260174 0.739360606739826
		0.912555617700638 0.087444382299362
	EndClassProb
	CutPoint
		0.500000000000000 NaN NaN 
	CutVar
		6100 0 0 

Model 25
	NumNodes 3
	Children
		2 3
		0 0
		0 0
	EndChildren
	ClassProb
		0.591249731139475 0.408750268860525
		0.732682183404339 0.267317816595662
		0.053582007851237 0.946417992148763
	EndClassProb
	CutPoint
		0.500000000000000 NaN NaN 
	CutVar
		6215 0 0 

Model 26
	NumNodes 3
	Children
		2 3
		0 0
		0 0
	EndChildren
	ClassProb
		0.398237263898058 0.601762736101942
		0.277877075220752 0.722122924779248
		1.000000000000000 0.000000000000000
	EndClassProb
	CutPoint
		0.083853026710830 NaN NaN 
	CutVar
		19826 0 0 

Model 27
	NumNodes 3
	Children
		2 3
		0 0
		0 0
	EndChildren
	ClassProb
		0.608450803447625 0.391549196552375
		0.260832190795359 0.739167809204641
		0.819307307863445 0.180692692136555
	EndClassProb
	CutPoint
		0.500000000000000 NaN NaN 
	CutVar
		8162 0 0 

Model 28
	NumNodes 3
	Children
		2 3
		0 0
		0 0
	EndChildren
	ClassProb
		0.556573753230811 0.443426246769189
		0.172424050882919 0.827575949117081
		0.724275669228960 0.275724330771040
	EndClassProb
	CutPoint
		306.664791431999900 NaN NaN 
	CutVar
		25371 0 0 

Model 29
	NumNodes 3
	Children
		2 3
		0 0
		0 0
	EndChildren
	ClassProb
		0.440822930800431 0.559177069199570
		0.618716395176571 0.381283604823429
		0.000000000000000 1.000000000000000
	EndClassProb
	CutPoint
		0.169087484831897 NaN NaN 
	CutVar
		16568 0 0 

Model 30
	NumNodes 3
	Children
		2 3
		0 0
		0 0
	EndChildren
	ClassProb
		0.302620364993975 0.697379635006025
		0.203656569939848 0.796343430060152
		1.000000000000000 0.000000000000000
	EndClassProb
	CutPoint
		0.500000000000000 NaN NaN 
	CutVar
		6275 0 0 

Model 31
	NumNodes 3
	Children
		2 3
		0 0
		0 0
	EndChildren
	ClassProb
		0.575623682099814 0.424376317900187
		0.344194259167096 0.655805740832905
		0.868325722922274 0.131674277077727
	EndClassProb
	CutPoint
		0.500000000000000 NaN NaN 
	CutVar
		6278 0 0 

Model 32
	NumNodes 3
	Children
		2 3
		0 0
		0 0
	EndChildren
	ClassProb
		0.639611150130213 0.360388849869787
		0.826445235623771 0.173554764376229
		0.256574413858530 0.743425586141470
	EndClassProb
	CutPoint
		0.500000000000000 NaN NaN 
	CutVar
		8033 0 0 

Model 33
	NumNodes 3
	Children
		2 3
		0 0
		0 0
	EndChildren
	ClassProb
		0.557005804441124 0.442994195558876
		0.344525467564513 0.655474532435487
		0.875215427336347 0.124784572663653
	EndClassProb
	CutPoint
		0.500000000000000 NaN NaN 
	CutVar
		9166 0 0 

Model 34
	NumNodes 3
	Children
		2 3
		0 0
		0 0
	EndChildren
	ClassProb
		0.638297244043484 0.361702755956516
		0.760337084341929 0.239662915658071
		0.086954197986267 0.913045802013733
	EndClassProb
	CutPoint
		0.500000000000000 NaN NaN 
	CutVar
		238 0 0 

Model 35
	NumNodes 3
	Children
		2 3
		0 0
		0 0
	EndChildren
	ClassProb
		0.432174853842210 0.567825146157790
		0.277262119458616 0.722737880541384
		0.981756151119364 0.018243848880636
	EndClassProb
	CutPoint
		0.500000000000000 NaN NaN 
	CutVar
		7205 0 0 

Model 36
	NumNodes 3
	Children
		2 3
		0 0
		0 0
	EndChildren
	ClassProb
		0.629334467408269 0.370665532591731
		0.000037416649455 0.999962583350545
		0.734398100096775 0.265601899903225
	EndClassProb
	CutPoint
		-1.307479690930841 NaN NaN 
	CutVar
		24193 0 0 

Model 37
	NumNodes 3
	Children
		2 3
		0 0
		0 0
	EndChildren
	ClassProb
		0.407401515964138 0.592598484035862
		0.990013389344839 0.009986610655161
		0.294433531975601 0.705566468024399
	EndClassProb
	CutPoint
		-0.013115054066300 NaN NaN 
	CutVar
		16333 0 0 

Model 38
	NumNodes 3
	Children
		2 3
		0 0
		0 0
	EndChildren
	ClassProb
		0.603672728028909 0.396327271971091
		0.718288977974675 0.281711022025325
		0.000000000000000 1.000000000000000
	EndClassProb
	CutPoint
		0.500000000000000 NaN NaN 
	CutVar
		5357 0 0 

Model 39
	NumNodes 3
	Children
		2 3
		0 0
		0 0
	EndChildren
	ClassProb
		0.395466567600524 0.604533432399476
		0.285265976857403 0.714734023142597
		1.000000000000000 0.000000000000000
	EndClassProb
	CutPoint
		0.083853026710830 NaN NaN 
	CutVar
		19826 0 0 

Model 40
	NumNodes 3
	Children
		2 3
		0 0
		0 0
	EndChildren
	ClassProb
		0.601608344648690 0.398391655351310
		0.690169042430223 0.309830957569777
		0.000000000000000 1.000000000000000
	EndClassProb
	CutPoint
		0.000138200004428 NaN NaN 
	CutVar
		18043 0 0 

Model 41
	NumNodes 3
	Children
		2 3
		0 0
		0 0
	EndChildren
	ClassProb
		0.412102428382355 0.587897571617645
		0.167497880687729 0.832502119312271
		0.680023968941913 0.319976031058087
	EndClassProb
	CutPoint
		0.500000000000000 NaN NaN 
	CutVar
		8162 0 0 

Model 42
	NumNodes 3
	Children
		2 3
		0 0
		0 0
	EndChildren
	ClassProb
		0.395801651587024 0.604198348412976
		0.655220128747890 0.344779871252110
		0.134623378436613 0.865376621563387
	EndClassProb
	CutPoint
		0.500000000000000 NaN NaN 
	CutVar
		7021 0 0 

Model 43
	NumNodes 3
	Children
		2 3
		0 0
		0 0
	EndChildren
	ClassProb
		0.356003251650727 0.643996748349273
		0.241327258202083 0.758672741797917
		0.990925922204166 0.009074077795834
	EndClassProb
	CutPoint
		0.001890699977649 NaN NaN 
	CutVar
		24315 0 0 

Model 44
	NumNodes 3
	Children
		2 3
		0 0
		0 0
	EndChildren
	ClassProb
		0.592065675970993 0.407934324029007
		0.387657910703715 0.612342089296285
		0.922030126252124 0.077969873747876
	EndClassProb
	CutPoint
		0.000428602397294 NaN NaN 
	CutVar
		19955 0 0 

Model 45
	NumNodes 3
	Children
		2 3
		0 0
		0 0
	EndChildren
	ClassProb
		0.685909465449696 0.314090534550304
		0.773891626859988 0.226108373140012
		0.000000000000000 1.000000000000000
	EndClassProb
	CutPoint
		0.500000000000000 NaN NaN 
	CutVar
		5357 0 0 

Model 46
	NumNodes 3
	Children
		2 3
		0 0
		0 0
	EndChildren
	ClassProb
		0.428909250085484 0.571090749914515
		0.677050281969630 0.322949718030370
		0.110754198468970 0.889245801531030
	EndClassProb
	CutPoint
		0.500000000000000 NaN NaN 
	CutVar
		8792 0 0 

Model 47
	NumNodes 3
	Children
		2 3
		0 0
		0 0
	EndChildren
	ClassProb
		0.352504582280069 0.647495417719931
		0.193249526730837 0.806750473269163
		0.858394767169558 0.141605232830442
	EndClassProb
	CutPoint
		0.500000000000000 NaN NaN 
	CutVar
		6278 0 0 

Model 48
	NumNodes 3
	Children
		2 3
		0 0
		0 0
	EndChildren
	ClassProb
		0.531736758759011 0.468263241240989
		0.336461085978757 0.663538914021243
		1.000000000000000 0.000000000000000
	EndClassProb
	CutPoint
		0.500000000000000 NaN NaN 
	CutVar
		103 0 0 

Model 49
	NumNodes 3
	Children
		2 3
		0 0
		0 0
	EndChildren
	ClassProb
		0.692965278144023 0.307034721855977
		0.782921318214317 0.217078681785683
		0.001450633105368 0.998549366894632
	EndClassProb
	CutPoint
		0.500000000000000 NaN NaN 
	CutVar
		8103 0 0 

Model 50
	NumNodes 3
	Children
		2 3
		0 0
		0 0
	EndChildren
	ClassProb
		0.429282743461695 0.570717256538305
		0.304456291735937 0.695543708264063
		0.922656262536362 0.077343737463638
	EndClassProb
	CutPoint
		0.500000000000000 NaN NaN 
	CutVar
		1320 0 0 

Model 51
	NumNodes 3
	Children
		2 3
		0 0
		0 0
	EndChildren
	ClassProb
		0.595445803336917 0.404554196663083
		0.759734374018844 0.240265625981156
		0.218895139882198 0.781104860117802
	EndClassProb
	CutPoint
		0.500000000000000 NaN NaN 
	CutVar
		8792 0 0 

Model 52
	NumNodes 3
	Children
		2 3
		0 0
		0 0
	EndChildren
	ClassProb
		0.487383883108304 0.512616116891696
		0.290032932125519 0.709967067874481
		0.857831925169692 0.142168074830309
	EndClassProb
	CutPoint
		0.500000000000000 NaN NaN 
	CutVar
		4485 0 0 

Model 53
	NumNodes 3
	Children
		2 3
		0 0
		0 0
	EndChildren
	ClassProb
		0.592274113350955 0.407725886649045
		0.704940307903035 0.295059692096965
		0.016329349205472 0.983670650794528
	EndClassProb
	CutPoint
		0.500000000000000 NaN NaN 
	CutVar
		3411 0 0 

Model 54
	NumNodes 3
	Children
		2 3
		0 0
		0 0
	EndChildren
	ClassProb
		0.398138228905813 0.601861771094187
		0.989648609023327 0.010351390976673
		0.292191986502480 0.707808013497520
	EndClassProb
	CutPoint
		-0.100017637223774 NaN NaN 
	CutVar
		23712 0 0 

Model 55
	NumNodes 3
	Children
		2 3
		0 0
		0 0
	EndChildren
	ClassProb
		0.596985335240106 0.403014664759894
		0.721173342284653 0.278826657715347
		0.040740118027942 0.959259881972058
	EndClassProb
	CutPoint
		0.113588508071069 NaN NaN 
	CutVar
		17663 0 0 

Model 56
	NumNodes 3
	Children
		2 3
		0 0
		0 0
	EndChildren
	ClassProb
		0.401309843234604 0.598690156765396
		0.292387515595984 0.707612484404016
		0.981806807715994 0.018193192284006
	EndClassProb
	CutPoint
		0.500000000000000 NaN NaN 
	CutVar
		9167 0 0 

Model 57
	NumNodes 3
	Children
		2 3
		0 0
		0 0
	EndChildren
	ClassProb
		0.597512634812451 0.402487365187549
		0.293959742089455 0.706040257910545
		0.878551184947026 0.121448815052974
	EndClassProb
	CutPoint
		0.500000000000000 NaN NaN 
	CutVar
		7270 0 0 

Model 58
	NumNodes 3
	Children
		2 3
		0 0
		0 0
	EndChildren
	ClassProb
		0.632414095461281 0.367585904538719
		0.761747994300435 0.238252005699565
		0.000000000000000 1.000000000000000
	EndClassProb
	CutPoint
		0.083853026710830 NaN NaN 
	CutVar
		18900 0 0 

Model 59
	NumNodes 3
	Children
		2 3
		0 0
		0 0
	EndChildren
	ClassProb
		0.394174940738353 0.605825059261647
		0.274095789984874 0.725904210015126
		0.883466107961641 0.116533892038359
	EndClassProb
	CutPoint
		0.500000000000000 NaN NaN 
	CutVar
		7205 0 0 

Model 60
	NumNodes 3
	Children
		2 3
		0 0
		0 0
	EndChildren
	ClassProb
		0.567753821923981 0.432246178076019
		0.668204822062936 0.331795177937064
		0.000000000000000 1.000000000000000
	EndClassProb
	CutPoint
		0.000138200004428 NaN NaN 
	CutVar
		18043 0 0 

Model 61
	NumNodes 3
	Children
		2 3
		0 0
		0 0
	EndChildren
	ClassProb
		0.395325780666540 0.604674219333460
		0.290718746186025 0.709281253813975
		1.000000000000000 0.000000000000000
	EndClassProb
	CutPoint
		0.083853026710830 NaN NaN 
	CutVar
		19826 0 0 

Model 62
	NumNodes 3
	Children
		2 3
		0 0
		0 0
	EndChildren
	ClassProb
		0.598040089128650 0.401959910871350
		0.292136255048705 0.707863744951295
		0.776582117666751 0.223417882333249
	EndClassProb
	CutPoint
		0.500000000000000 NaN NaN 
	CutVar
		8162 0 0 

Model 63
	NumNodes 3
	Children
		2 3
		0 0
		0 0
	EndChildren
	ClassProb
		0.542789501113531 0.457210498886469
		0.755784343244790 0.244215656755210
		0.219361631998479 0.780638368001521
	EndClassProb
	CutPoint
		0.500000000000000 NaN NaN 
	CutVar
		8033 0 0 

Model 64
	NumNodes 3
	Children
		2 3
		0 0
		0 0
	EndChildren
	ClassProb
		0.483419120066855 0.516580879933145
		0.279294659611370 0.720705340388630
		0.884434625588601 0.115565374411399
	EndClassProb
	CutPoint
		0.500000000000000 NaN NaN 
	CutVar
		6278 0 0 

Model 65
	NumNodes 3
	Children
		2 3
		0 0
		0 0
	EndChildren
	ClassProb
		0.605254423597821 0.394745576402179
		0.773980062185591 0.226019937814409
		0.260019246248112 0.739980753751888
	EndClassProb
	CutPoint
		0.500000000000000 NaN NaN 
	CutVar
		8792 0 0 

Model 66
	NumNodes 3
	Children
		2 3
		0 0
		0 0
	EndChildren
	ClassProb
		0.520719262151050 0.479280737848950
		0.323167299844157 0.676832700155843
		0.979118928343683 0.020881071656317
	EndClassProb
	CutPoint
		0.001890699977649 NaN NaN 
	CutVar
		24315 0 0 

Model 67
	NumNodes 3
	Children
		2 3
		0 0
		0 0
	EndChildren
	ClassProb
		0.678465280461958 0.321534719538042
		0.771604291868542 0.228395708131458
		0.000000000000000 1.000000000000000
	EndClassProb
	CutPoint
		0.500000000000000 NaN NaN 
	CutVar
		5357 0 0 

Model 68
	NumNodes 3
	Children
		2 3
		0 0
		0 0
	EndChildren
	ClassProb
		0.424479319066628 0.575520680933372
		0.324189587764842 0.675810412235158
		1.000000000000000 0.000000000000000
	EndClassProb
	CutPoint
		0.083853026710830 NaN NaN 
	CutVar
		19826 0 0 

Model 69
	NumNodes 3
	Children
		2 3
		0 0
		0 0
	EndChildren
	ClassProb
		0.602496983352575 0.397503016647425
		0.712936731307225 0.287063268692775
		0.000000000000000 1.000000000000000
	EndClassProb
	CutPoint
		0.010176941697072 NaN NaN 
	CutVar
		17918 0 0 

Model 70
	NumNodes 3
	Children
		2 3
		0 0
		0 0
	EndChildren
	ClassProb
		0.397737561180741 0.602262438819259
		0.261501955333408 0.738498044666592
		0.929414855558040 0.070585144441959
	EndClassProb
	CutPoint
		0.500000000000000 NaN NaN 
	CutVar
		6100 0 0 

Model 71
	NumNodes 3
	Children
		2 3
		0 0
		0 0
	EndChildren
	ClassProb
		0.589577494543769 0.410422505456231
		0.325979574807592 0.674020425192408
		0.911297291776446 0.088702708223554
	EndClassProb
	CutPoint
		0.500000000000000 NaN NaN 
	CutVar
		9166 0 0 

Model 72
	NumNodes 3
	Children
		2 3
		0 0
		0 0
	EndChildren
	ClassProb
		0.671629839086618 0.328370160913383
		0.777463202695668 0.222536797304332
		0.087651528393159 0.912348471606841
	EndClassProb
	CutPoint
		0.500000000000000 NaN NaN 
	CutVar
		238 0 0 

Model 73
	NumNodes 3
	Children
		2 3
		0 0
		0 0
	EndChildren
	ClassProb
		0.445625910329817 0.554374089670184
		0.079980033707988 0.920019966292012
		0.690509532433292 0.309490467566708
	EndClassProb
	CutPoint
		306.664791431999900 NaN NaN 
	CutVar
		25371 0 0 

Model 74
	NumNodes 3
	Children
		2 3
		0 0
		0 0
	EndChildren
	ClassProb
		0.337993852312871 0.662006147687129
		0.229568126281463 0.770431873718537
		0.894527947009180 0.105472052990820
	EndClassProb
	CutPoint
		0.500000000000000 NaN NaN 
	CutVar
		11883 0 0 

Model 75
	NumNodes 3
	Children
		2 3
		0 0
		0 0
	EndChildren
	ClassProb
		0.551159849823242 0.448840150176758
		0.666339930719957 0.333660069280043
		0.014934497071105 0.985065502928895
	EndClassProb
	CutPoint
		0.500000000000000 NaN NaN 
	CutVar
		3411 0 0 

Model 76
	NumNodes 3
	Children
		2 3
		0 0
		0 0
	EndChildren
	ClassProb
		0.384256296251941 0.615743703748059
		0.232553730285851 0.767446269714149
		0.752340494695822 0.247659505304178
	EndClassProb
	CutPoint
		0.500000000000000 NaN NaN 
	CutVar
		6278 0 0 

Model 77
	NumNodes 3
	Children
		2 3
		0 0
		0 0
	EndChildren
	ClassProb
		0.491366691415405 0.508633308584595
		0.753044327956743 0.246955672043257
		0.215991767060809 0.784008232939191
	EndClassProb
	CutPoint
		0.500000000000000 NaN NaN 
	CutVar
		7021 0 0 

Model 78
	NumNodes 3
	Children
		2 3
		0 0
		0 0
	EndChildren
	ClassProb
		0.478282705835524 0.521717294164477
		0.202065616709630 0.797934383290370
		0.684971086708560 0.315028913291440
	EndClassProb
	CutPoint
		0.500000000000000 NaN NaN 
	CutVar
		8162 0 0 

Model 79
	NumNodes 3
	Children
		2 3
		0 0
		0 0
	EndChildren
	ClassProb
		0.429292371418117 0.570707628581884
		0.283732885787693 0.716267114212307
		1.000000000000000 0.000000000000000
	EndClassProb
	CutPoint
		0.083853026710830 NaN NaN 
	CutVar
		19826 0 0 

Model 80
	NumNodes 3
	Children
		2 3
		0 0
		0 0
	EndChildren
	ClassProb
		0.631291134858727 0.368708865141273
		0.753197238075933 0.246802761924067
		0.000000000000000 1.000000000000000
	EndClassProb
	CutPoint
		0.083853026710830 NaN NaN 
	CutVar
		18900 0 0 

Model 81
	NumNodes 3
	Children
		2 3
		0 0
		0 0
	EndChildren
	ClassProb
		0.397968225795551 0.602031774204449
		0.260273284648428 0.739726715351572
		0.909549136157840 0.090450863842160
	EndClassProb
	CutPoint
		0.500000000000000 NaN NaN 
	CutVar
		1320 0 0 

Model 82
	NumNodes 3
	Children
		2 3
		0 0
		0 0
	EndChildren
	ClassProb
		0.581559253673722 0.418440746326278
		0.326632662088054 0.673367337911946
		0.843354757920483 0.156645242079517
	EndClassProb
	CutPoint
		0.500000000000000 NaN NaN 
	CutVar
		7270 0 0 

Model 83
	NumNodes 3
	Children
		2 3
		0 0
		0 0
	EndChildren
	ClassProb
		0.615565627030390 0.384434372969610
		0.737376344418110 0.262623655581890
		0.000000000000000 1.000000000000000
	EndClassProb
	CutPoint
		0.169087484831897 NaN NaN 
	CutVar
		16568 0 0 

Model 84
	NumNodes 3
	Children
		2 3
		0 0
		0 0
	EndChildren
	ClassProb
		0.394209047667609 0.605790952332391
		0.294730066334872 0.705269933665127
		0.999998662719372 0.000001337280628
	EndClassProb
	CutPoint
		0.500000000000000 NaN NaN 
	CutVar
		7271 0 0 

Model 85
	NumNodes 3
	Children
		2 3
		0 0
		0 0
	EndChildren
	ClassProb
		0.594431283193026 0.405568716806974
		0.000001427869104 0.999998572130896
		0.684968231833431 0.315031768166569
	EndClassProb
	CutPoint
		-1.307479690930841 NaN NaN 
	CutVar
		24193 0 0 

Model 86
	NumNodes 3
	Children
		2 3
		0 0
		0 0
	EndChildren
	ClassProb
		0.409045567919579 0.590954432080422
		0.289490598770410 0.710509401229590
		0.952745810396818 0.047254189603182
	EndClassProb
	CutPoint
		0.038904179750432 NaN NaN 
	CutVar
		24315 0 0 

Model 87
	NumNodes 3
	Children
		2 3
		0 0
		0 0
	EndChildren
	ClassProb
		0.596532932480273 0.403467067519727
		0.413850794105448 0.586149205894552
		0.954675242657444 0.045324757342556
	EndClassProb
	CutPoint
		0.521800304330140 NaN NaN 
	CutVar
		19955 0 0 

Model 88
	NumNodes 3
	Children
		2 3
		0 0
		0 0
	EndChildren
	ClassProb
		0.700438734103978 0.299561265896022
		0.798559770907372 0.201440229092628
		0.080789690047883 0.919210309952117
	EndClassProb
	CutPoint
		0.500000000000000 NaN NaN 
	CutVar
		3532 0 0 

Model 89
	NumNodes 3
	Children
		2 3
		0 0
		0 0
	EndChildren
	ClassProb
		0.452771585789522 0.547228414210478
		0.278032651956687 0.721967348043313
		0.807924738697106 0.192075261302894
	EndClassProb
	CutPoint
		0.500000000000000 NaN NaN 
	CutVar
		9166 0 0 

Model 90
	NumNodes 3
	Children
		2 3
		0 0
		0 0
	EndChildren
	ClassProb
		0.550704352295973 0.449295647704027
		0.738772186485707 0.261227813514293
		0.201871700711335 0.798128299288665
	EndClassProb
	CutPoint
		0.500000000000000 NaN NaN 
	CutVar
		8033 0 0 

Model 91
	NumNodes 3
	Children
		2 3
		0 0
		0 0
	EndChildren
	ClassProb
		0.463015880708006 0.536984119291994
		0.339860611851384 0.660139388148616
		1.000000000000000 0.000000000000000
	EndClassProb
	CutPoint
		0.083853026710830 NaN NaN 
	CutVar
		19826 0 0 

Model 92
	NumNodes 3
	Children
		2 3
		0 0
		0 0
	EndChildren
	ClassProb
		0.628920696028007 0.371079303971993
		0.732744873433440 0.267255126566560
		0.000033169043064 0.999966830956936
	EndClassProb
	CutPoint
		0.500000000000000 NaN NaN 
	CutVar
		8032 0 0 

Model 93
	NumNodes 3
	Children
		2 3
		0 0
		0 0
	EndChildren
	ClassProb
		0.408074071503502 0.591925928496498
		0.999999782393797 0.000000217606203
		0.286650526674925 0.713349473325075
	EndClassProb
	CutPoint
		-0.633101550762257 NaN NaN 
	CutVar
		14005 0 0 

Model 94
	NumNodes 3
	Children
		2 3
		0 0
		0 0
	EndChildren
	ClassProb
		0.611669460881983 0.388330539118017
		0.690325380907010 0.309674619092990
		0.003540770719176 0.996459229280824
	EndClassProb
	CutPoint
		0.500000000000000 NaN NaN 
	CutVar
		9477 0 0 

Model 95
	NumNodes 3
	Children
		2 3
		0 0
		0 0
	EndChildren
	ClassProb
		0.422075231740486 0.577924768259514
		0.228202908646201 0.771797091353799
		0.807271251114861 0.192728748885139
	EndClassProb
	CutPoint
		0.500000000000000 NaN NaN 
	CutVar
		7270 0 0 

Model 96
	NumNodes 3
	Children
		2 3
		0 0
		0 0
	EndChildren
	ClassProb
		0.523301061802159 0.476698938197841
		0.406333174776708 0.593666825223292
		0.999997803995349 0.000002196004651
	EndClassProb
	CutPoint
		0.500000000000000 NaN NaN 
	CutVar
		7271 0 0 

Model 97
	NumNodes 3
	Children
		2 3
		0 0
		0 0
	EndChildren
	ClassProb
		0.646221057961536 0.353778942038464
		0.735904720008165 0.264095279991835
		0.000000000000000 1.000000000000000
	EndClassProb
	CutPoint
		0.083853026710830 NaN NaN 
	CutVar
		18900 0 0 

Model 98
	NumNodes 3
	Children
		2 3
		0 0
		0 0
	EndChildren
	ClassProb
		0.420667736804774 0.579332263195226
		0.316045161182958 0.683954838817042
		1.000000000000000 0.000000000000000
	EndClassProb
	CutPoint
		0.336248068093803 NaN NaN 
	CutVar
		24315 0 0 

Model 99
	NumNodes 3
	Children
		2 3
		0 0
		0 0
	EndChildren
	ClassProb
		0.604443000438362 0.395556999561638
		0.145233315218571 0.854766684781429
		0.751649516666243 0.248350483333757
	EndClassProb
	CutPoint
		306.664791431999900 NaN NaN 
	CutVar
		25371 0 0 

Model 100
	NumNodes 3
	Children
		2 3
		0 0
		0 0
	EndChildren
	ClassProb
		0.445357676342226 0.554642323657774
		0.318982818350241 0.681017181649759
		0.967609707296479 0.032390292703521
	EndClassProb
	CutPoint
		0.500000000000000 NaN NaN 
	CutVar
		6100 0 0 

TrainedWeights
1.167687457908517 0.904822634767565 0.992669806324102 0.989248283547003 0.726948013030770 0.702910841823986 0.719730160755588 0.789907891848670 0.686675610517350 0.747216619078289 0.660028546963755 0.797751412135409 0.596985956122438 0.782348136878452 0.679139131427125 0.621258560617442 0.607228187330386 0.564227710981381 0.662179800343936 0.506017905122140 0.682350203119758 0.522602123468682 0.580718227249454 0.633818913239572 0.624699369830260 0.599756734542382 0.659604377999571 0.564535840191857 0.493116266516114 0.763791468846175 0.548356207336196 0.690734926738470 0.532003402596176 0.656495082262415 0.631941949968220 0.610933450414678 0.554018659695026 0.585266005098937 0.572830499512646 0.497122936710378 0.575603973139120 0.576183996089048 0.675226180337424 0.499352236804431 0.691890087719716 0.604242124717062 0.755183583440500 0.583376129722839 0.717703930284398 0.526634379740926 0.593561167402845 0.580077095596727 0.550758969908595 0.550962564876400 0.589109058425970 0.551796801413476 0.679563187314259 0.700050049761973 0.568021769945009 0.467487407025852 0.555075792924927 0.552661192949087 0.591963109572501 0.621063800371396 0.584097499651852 0.598166458187562 0.690568484459561 0.481994832329194 0.569252872681530 0.625404149024440 0.635395420757509 0.687410000168964 0.640342211203947 0.664473763262800 0.478937860991957 0.584702826575792 0.598895046617182 0.505767668825845 0.615310329254754 0.671986788978358 0.620510671492847 0.568779552266295 0.635051558783898 0.540919328441009 0.488740332159257 0.560498732261245 0.449226777951019 0.741591966502064 0.550140989095027 0.575144509505311 0.481053869899427 0.605878929591786 0.582229454925890 0.485669258988980 0.643602866154710 0.362540598527782 0.598777753413091 0.503159986575938 0.623214339831297 0.514843672043495 