15	1154	-2	0.136949
38	1130	-2	-1.428736
50	0	1	2.977283
60	1108	-2	-0.021526
61	1107	-2	-0.517657
227	0	1	3.367330
246	0	2	5.855899
705	460	-1	7.758733
726	439	-2	4.720270
931	0	1	2.831266
932	0	1	3.303371
951	216	-2	1.711833
tpscore: 30.695015
tpformula: [[HexNAc Hex] [Hex HexNAc] Hex HexNAc] [Fuc] HexNAc

15	1154	-2	0.136949
50	0	1	2.977283
60	1108	-2	-0.021526
61	1107	-2	-0.517657
227	0	1	3.367330
246	0	2	5.855899
705	460	-1	7.758733
726	439	-2	4.720270
931	0	1	2.831266
932	0	1	3.303371
951	216	-2	1.711833
tpscore: 32.123751
tpformula: [[HexNAc Hex] [HexNAc Hex] Hex HexNAc] [Fuc] HexNAc

15	1154	-2	0.136949
38	1130	-2	-1.428736
50	0	1	2.977283
60	1108	-2	-0.021526
61	1107	-2	-0.517657
227	0	1	3.367330
246	0	2	5.855899
603	562	-1	-8.514689
931	0	1	2.831266
932	0	1	3.303371
951	216	-2	1.711833
tpscore: 9.701323
tpformula: [[[HexNAc Hex] [HexNAc] HexNAc] [Hex] Hex] [Fuc] HexNAc

15	1154	-2	0.136949
38	1130	-2	-1.428736
50	0	1	2.977283
60	1108	-2	-0.021526
61	1107	-2	-0.517657
227	0	1	3.367330
246	0	2	5.855899
603	562	-1	-8.514689
931	0	1	2.831266
932	0	1	3.303371
951	216	-2	1.711833
tpscore: 9.701323
tpformula: [[[HexNAc] [Hex HexNAc] HexNAc] [Hex] Hex] [Fuc] HexNAc

15	1154	-2	0.136949
38	1130	-2	-1.428736
227	0	1	3.367330
246	0	2	5.855899
705	460	-1	7.758733
726	439	-2	4.720270
931	0	1	2.831266
932	0	1	3.303371
951	216	-2	1.711833
tpscore: 28.256915
tpformula: [[Hex HexNAc] [Hex HexNAc] Hex HexNAc] [Fuc] HexNAc

15	1154	-2	0.136949
38	1130	-2	-1.428736
50	0	1	2.977283
60	1108	-2	-0.021526
61	1107	-2	-0.517657
227	0	1	3.367330
246	0	2	5.855899
603	562	-1	-8.514689
996	172	-2	-5.151415
tpscore: -3.296562
tpformula: [[[HexNAc Hex] [HexNAc] HexNAc] [Hex] HexNAc] [Fuc] Hex

15	1154	-2	0.136949
38	1130	-2	-1.428736
50	0	1	2.977283
60	1108	-2	-0.021526
61	1107	-2	-0.517657
227	0	1	3.367330
246	0	2	5.855899
603	562	-1	-8.514689
996	172	-2	-5.151415
tpscore: -3.296562
tpformula: [[[HexNAc] [Hex HexNAc] HexNAc] [HexNAc] Hex] [Fuc] Hex

15	1154	-2	0.136949
38	1130	-2	-1.428736
50	0	1	2.977283
60	1108	-2	-0.021526
61	1107	-2	-0.517657
227	0	1	3.367330
246	0	2	5.855899
603	562	-1	-8.514689
996	172	-2	-5.151415
tpscore: -3.296562
tpformula: [[[HexNAc] [Hex HexNAc] HexNAc] [Hex] HexNAc] [Fuc] Hex

15	1154	-2	0.136949
50	0	1	2.977283
60	1108	-2	-0.021526
61	1107	-2	-0.517657
227	0	1	3.367330
246	0	2	5.855899
603	562	-1	-8.514689
996	172	-2	-5.151415
tpscore: -1.867826
tpformula: [[[HexNAc Hex] [HexNAc] HexNAc] [HexNAc] Hex] [Fuc] Hex

